-102.4 0.0 102.4
-96 0.0 102.4
-89.6 0.0 102.4
-83.2 0.0 102.4
-76.8 0.0 102.4
-70.4 0.0 102.4
-64 0.0 102.4
-57.6 0.0 102.4
-51.2 0.0 102.4
-44.8 0.0 102.4
-38.4 0.0 102.4
-32 0.0 102.4
-25.6 0.0 102.4
-19.2 0.0 102.4
-12.8 0.0 102.4
-6.4 0.0 102.4
0.0 0.0 102.4
6.4 0.0 102.4
12.8 0.0 102.4
19.2 0.0 102.4
25.6 0.0 102.4
32 0.0 102.4
38.4 0.0 102.4
44.8 0.0 102.4
51.2 0.0 102.4
57.6 0.0 102.4
64 0.0 102.4
70.4 0.0 102.4
76.8 0.0 102.4
83.2 0.0 102.4
89.6 0.0 102.4
96 0.0 102.4
102.4 0.0 102.4
-102.4 0.0 96
-96 0.0 96
-89.6 0.0 96
-83.2 0.0 96
-76.8 0.0 96
-70.4 0.0 96
-64 0.0 96
-57.6 0.0 96
-51.2 0.0 96
-44.8 0.0 96
-38.4 0.0 96
-32 0.0 96
-25.6 0.0 96
-19.2 0.0 96
-12.8 0.0 96
-6.4 0.0 96
0.0 0.0 96
6.4 0.0 96
12.8 0.0 96
19.2 0.0 96
25.6 0.0 96
32 0.0 96
38.4 0.0 96
44.8 0.0 96
51.2 0.0 96
57.6 0.0 96
64 0.0 96
70.4 0.0 96
76.8 0.0 96
83.2 0.0 96
89.6 0.0 96
96 0.0 96
102.4 0.0 96
-102.4 0.0 89.6
-96 0.0 89.6
-89.6 0.0 89.6
-83.2 0.0 89.6
-76.8 0.0 89.6
-70.4 0.0 89.6
-64 0.0 89.6
-57.6 0.0 89.6
-51.2 0.0 89.6
-44.8 0.0 89.6
-38.4 0.0 89.6
-32 0.0 89.6
-25.6 0.0 89.6
-19.2 0.0 89.6
-12.8 0.0 89.6
-6.4 0.0 89.6
0.0 0.0 89.6
6.4 0.0 89.6
12.8 0.0 89.6
19.2 0.0 89.6
25.6 0.0 89.6
32 0.0 89.6
38.4 0.0 89.6
44.8 0.0 89.6
51.2 0.0 89.6
57.6 0.0 89.6
64 0.0 89.6
70.4 0.0 89.6
76.8 0.0 89.6
83.2 0.0 89.6
89.6 0.0 89.6
96 0.0 89.6
102.4 0.0 89.6
-102.4 0.0 83.2
-96 0.0 83.2
-89.6 0.0 83.2
-83.2 0.0 83.2
-76.8 0.0 83.2
-70.4 0.0 83.2
-64 0.0 83.2
-57.6 0.0 83.2
-51.2 0.0 83.2
-44.8 0.0 83.2
-38.4 0.0 83.2
-32 0.0 83.2
-25.6 0.0 83.2
-19.2 0.0 83.2
-12.8 0.0 83.2
-6.4 0.0 83.2
0.0 0.0 83.2
6.4 0.0 83.2
12.8 0.0 83.2
19.2 0.0 83.2
25.6 0.0 83.2
32 0.0 83.2
38.4 0.0 83.2
44.8 0.0 83.2
51.2 0.0 83.2
57.6 0.0 83.2
64 0.0 83.2
70.4 0.0 83.2
76.8 0.0 83.2
83.2 0.0 83.2
89.6 0.0 83.2
96 0.0 83.2
102.4 0.0 83.2
-102.4 0.0 76.8
-96 0.0 76.8
-89.6 0.0 76.8
-83.2 0.0 76.8
-76.8 0.0 76.8
-70.4 0.0 76.8
-64 0.0 76.8
-57.6 0.0 76.8
-51.2 0.0 76.8
-44.8 0.0 76.8
-38.4 0.0 76.8
-32 0.0 76.8
-25.6 0.0 76.8
-19.2 0.0 76.8
-12.8 0.0 76.8
-6.4 0.0 76.8
0.0 0.0 76.8
6.4 0.0 76.8
12.8 0.0 76.8
19.2 0.0 76.8
25.6 0.0 76.8
32 0.0 76.8
38.4 0.0 76.8
44.8 0.0 76.8
51.2 0.0 76.8
57.6 0.0 76.8
64 0.0 76.8
70.4 0.0 76.8
76.8 0.0 76.8
83.2 0.0 76.8
89.6 0.0 76.8
96 0.0 76.8
102.4 0.0 76.8
-102.4 0.0 70.4
-96 0.0 70.4
-89.6 0.0 70.4
-83.2 0.0 70.4
-76.8 0.0 70.4
-70.4 0.0 70.4
-64 0.0 70.4
-57.6 0.0 70.4
-51.2 0.0 70.4
-44.8 0.0 70.4
-38.4 0.0 70.4
-32 0.0 70.4
-25.6 0.0 70.4
-19.2 0.0 70.4
-12.8 0.0 70.4
-6.4 0.0 70.4
0.0 0.0 70.4
6.4 0.0 70.4
12.8 0.0 70.4
19.2 0.0 70.4
25.6 0.0 70.4
32 0.0 70.4
38.4 0.0 70.4
44.8 0.0 70.4
51.2 0.0 70.4
57.6 0.0 70.4
64 0.0 70.4
70.4 0.0 70.4
76.8 0.0 70.4
83.2 0.0 70.4
89.6 0.0 70.4
96 0.0 70.4
102.4 0.0 70.4
-102.4 0.0 64
-96 0.0 64
-89.6 0.0 64
-83.2 0.0 64
-76.8 0.0 64
-70.4 0.0 64
-64 0.0 64
-57.6 0.0 64
-51.2 0.0 64
-44.8 0.0 64
-38.4 0.0 64
-32 0.0 64
-25.6 0.0 64
-19.2 0.0 64
-12.8 0.0 64
-6.4 0.0 64
0.0 0.0 64
6.4 0.0 64
12.8 0.0 64
19.2 0.0 64
25.6 0.0 64
32 0.0 64
38.4 0.0 64
44.8 0.0 64
51.2 0.0 64
57.6 0.0 64
64 0.0 64
70.4 0.0 64
76.8 0.0 64
83.2 0.0 64
89.6 0.0 64
96 0.0 64
102.4 0.0 64
-102.4 0.0 57.6
-96 0.0 57.6
-89.6 0.0 57.6
-83.2 0.0 57.6
-76.8 0.0 57.6
-70.4 0.0 57.6
-64 0.0 57.6
-57.6 0.0 57.6
-51.2 0.0 57.6
-44.8 0.0 57.6
-38.4 0.0 57.6
-32 0.0 57.6
-25.6 0.0 57.6
-19.2 0.0 57.6
-12.8 0.0 57.6
-6.4 0.0 57.6
0.0 0.0 57.6
6.4 0.0 57.6
12.8 0.0 57.6
19.2 0.0 57.6
25.6 0.0 57.6
32 0.0 57.6
38.4 0.0 57.6
44.8 0.0 57.6
51.2 0.0 57.6
57.6 0.0 57.6
64 0.0 57.6
70.4 0.0 57.6
76.8 0.0 57.6
83.2 0.0 57.6
89.6 0.0 57.6
96 0.0 57.6
102.4 0.0 57.6
-102.4 0.0 51.2
-96 0.0 51.2
-89.6 0.0 51.2
-83.2 0.0 51.2
-76.8 0.0 51.2
-70.4 0.0 51.2
-64 0.0 51.2
-57.6 0.0 51.2
-51.2 0.0 51.2
-44.8 0.0 51.2
-38.4 0.0 51.2
-32 0.0 51.2
-25.6 0.0 51.2
-19.2 0.0 51.2
-12.8 0.0 51.2
-6.4 0.0 51.2
0.0 0.0 51.2
6.4 0.0 51.2
12.8 0.0 51.2
19.2 0.0 51.2
25.6 0.0 51.2
32 0.0 51.2
38.4 0.0 51.2
44.8 0.0 51.2
51.2 0.0 51.2
57.6 0.0 51.2
64 0.0 51.2
70.4 0.0 51.2
76.8 0.0 51.2
83.2 0.0 51.2
89.6 0.0 51.2
96 0.0 51.2
102.4 0.0 51.2
-102.4 0.0 44.8
-96 0.0 44.8
-89.6 0.0 44.8
-83.2 0.0 44.8
-76.8 0.0 44.8
-70.4 0.0 44.8
-64 0.0 44.8
-57.6 0.0 44.8
-51.2 0.0 44.8
-44.8 0.0 44.8
-38.4 0.0 44.8
-32 0.0 44.8
-25.6 0.0 44.8
-19.2 0.0 44.8
-12.8 0.0 44.8
-6.4 0.0 44.8
0.0 0.0 44.8
6.4 0.0 44.8
12.8 0.0 44.8
19.2 0.0 44.8
25.6 0.0 44.8
32 0.0 44.8
38.4 0.0 44.8
44.8 0.0 44.8
51.2 0.0 44.8
57.6 0.0 44.8
64 0.0 44.8
70.4 0.0 44.8
76.8 0.0 44.8
83.2 0.0 44.8
89.6 0.0 44.8
96 0.0 44.8
102.4 0.0 44.8
-102.4 0.0 38.4
-96 0.0 38.4
-89.6 0.0 38.4
-83.2 0.0 38.4
-76.8 0.0 38.4
-70.4 0.0 38.4
-64 0.0 38.4
-57.6 0.0 38.4
-51.2 0.0 38.4
-44.8 0.0 38.4
-38.4 0.0 38.4
-32 0.0 38.4
-25.6 0.0 38.4
-19.2 0.0 38.4
-12.8 0.0 38.4
-6.4 0.0 38.4
0.0 0.0 38.4
6.4 0.0 38.4
12.8 0.0 38.4
19.2 0.0 38.4
25.6 0.0 38.4
32 0.0 38.4
38.4 0.0 38.4
44.8 0.0 38.4
51.2 0.0 38.4
57.6 0.0 38.4
64 0.0 38.4
70.4 0.0 38.4
76.8 0.0 38.4
83.2 0.0 38.4
89.6 0.0 38.4
96 0.0 38.4
102.4 0.0 38.4
-102.4 0.0 32
-96 0.0 32
-89.6 0.0 32
-83.2 0.0 32
-76.8 0.0 32
-70.4 0.0 32
-64 0.0 32
-57.6 0.0 32
-51.2 0.0 32
-44.8 0.0 32
-38.4 0.0 32
-32 0.0 32
-25.6 0.0 32
-19.2 0.0 32
-12.8 0.0 32
-6.4 0.0 32
0.0 0.0 32
6.4 0.0 32
12.8 0.0 32
19.2 0.0 32
25.6 0.0 32
32 0.0 32
38.4 0.0 32
44.8 0.0 32
51.2 0.0 32
57.6 0.0 32
64 0.0 32
70.4 0.0 32
76.8 0.0 32
83.2 0.0 32
89.6 0.0 32
96 0.0 32
102.4 0.0 32
-102.4 0.0 25.6
-96 0.0 25.6
-89.6 0.0 25.6
-83.2 0.0 25.6
-76.8 0.0 25.6
-70.4 0.0 25.6
-64 0.0 25.6
-57.6 0.0 25.6
-51.2 0.0 25.6
-44.8 0.0 25.6
-38.4 0.0 25.6
-32 0.0 25.6
-25.6 0.0 25.6
-19.2 0.0 25.6
-12.8 0.0 25.6
-6.4 0.0 25.6
0.0 0.0 25.6
6.4 0.0 25.6
12.8 0.0 25.6
19.2 0.0 25.6
25.6 0.0 25.6
32 0.0 25.6
38.4 0.0 25.6
44.8 0.0 25.6
51.2 0.0 25.6
57.6 0.0 25.6
64 0.0 25.6
70.4 0.0 25.6
76.8 0.0 25.6
83.2 0.0 25.6
89.6 0.0 25.6
96 0.0 25.6
102.4 0.0 25.6
-102.4 0.0 19.2
-96 0.0 19.2
-89.6 0.0 19.2
-83.2 0.0 19.2
-76.8 0.0 19.2
-70.4 0.0 19.2
-64 0.0 19.2
-57.6 0.0 19.2
-51.2 0.0 19.2
-44.8 0.0 19.2
-38.4 0.0 19.2
-32 0.0 19.2
-25.6 0.0 19.2
-19.2 0.0 19.2
-12.8 0.0 19.2
-6.4 0.0 19.2
0.0 0.0 19.2
6.4 0.0 19.2
12.8 0.0 19.2
19.2 0.0 19.2
25.6 0.0 19.2
32 0.0 19.2
38.4 0.0 19.2
44.8 0.0 19.2
51.2 0.0 19.2
57.6 0.0 19.2
64 0.0 19.2
70.4 0.0 19.2
76.8 0.0 19.2
83.2 0.0 19.2
89.6 0.0 19.2
96 0.0 19.2
102.4 0.0 19.2
-102.4 0.0 12.8
-96 0.0 12.8
-89.6 0.0 12.8
-83.2 0.0 12.8
-76.8 0.0 12.8
-70.4 0.0 12.8
-64 0.0 12.8
-57.6 0.0 12.8
-51.2 0.0 12.8
-44.8 0.0 12.8
-38.4 0.0 12.8
-32 0.0 12.8
-25.6 0.0 12.8
-19.2 0.0 12.8
-12.8 0.0 12.8
-6.4 0.0 12.8
0.0 0.0 12.8
6.4 0.0 12.8
12.8 0.0 12.8
19.2 0.0 12.8
25.6 0.0 12.8
32 0.0 12.8
38.4 0.0 12.8
44.8 0.0 12.8
51.2 0.0 12.8
57.6 0.0 12.8
64 0.0 12.8
70.4 0.0 12.8
76.8 0.0 12.8
83.2 0.0 12.8
89.6 0.0 12.8
96 0.0 12.8
102.4 0.0 12.8
-102.4 0.0 6.4
-96 0.0 6.4
-89.6 0.0 6.4
-83.2 0.0 6.4
-76.8 0.0 6.4
-70.4 0.0 6.4
-64 0.0 6.4
-57.6 0.0 6.4
-51.2 0.0 6.4
-44.8 0.0 6.4
-38.4 0.0 6.4
-32 0.0 6.4
-25.6 0.0 6.4
-19.2 0.0 6.4
-12.8 0.0 6.4
-6.4 0.0 6.4
0.0 0.0 6.4
6.4 0.0 6.4
12.8 0.0 6.4
19.2 0.0 6.4
25.6 0.0 6.4
32 0.0 6.4
38.4 0.0 6.4
44.8 0.0 6.4
51.2 0.0 6.4
57.6 0.0 6.4
64 0.0 6.4
70.4 0.0 6.4
76.8 0.0 6.4
83.2 0.0 6.4
89.6 0.0 6.4
96 0.0 6.4
102.4 0.0 6.4
-102.4 0.0 -0.0
-96 0.0 -0.0
-89.6 0.0 -0.0
-83.2 0.0 -0.0
-76.8 0.0 -0.0
-70.4 0.0 -0.0
-64 0.0 -0.0
-57.6 0.0 -0.0
-51.2 0.0 -0.0
-44.8 0.0 -0.0
-38.4 0.0 -0.0
-32 0.0 -0.0
-25.6 0.0 -0.0
-19.2 0.0 -0.0
-12.8 0.0 -0.0
-6.4 0.0 -0.0
0.0 0.0 -0.0
6.4 0.0 -0.0
12.8 0.0 -0.0
19.2 0.0 -0.0
25.6 0.0 -0.0
32 0.0 -0.0
38.4 0.0 -0.0
44.8 0.0 -0.0
51.2 0.0 -0.0
57.6 0.0 -0.0
64 0.0 -0.0
70.4 0.0 -0.0
76.8 0.0 -0.0
83.2 0.0 -0.0
89.6 0.0 -0.0
96 0.0 -0.0
102.4 0.0 -0.0
-102.4 0.0 -6.4
-96 0.0 -6.4
-89.6 0.0 -6.4
-83.2 0.0 -6.4
-76.8 0.0 -6.4
-70.4 0.0 -6.4
-64 0.0 -6.4
-57.6 0.0 -6.4
-51.2 0.0 -6.4
-44.8 0.0 -6.4
-38.4 0.0 -6.4
-32 0.0 -6.4
-25.6 0.0 -6.4
-19.2 0.0 -6.4
-12.8 0.0 -6.4
-6.4 0.0 -6.4
0.0 0.0 -6.4
6.4 0.0 -6.4
12.8 0.0 -6.4
19.2 0.0 -6.4
25.6 0.0 -6.4
32 0.0 -6.4
38.4 0.0 -6.4
44.8 0.0 -6.4
51.2 0.0 -6.4
57.6 0.0 -6.4
64 0.0 -6.4
70.4 0.0 -6.4
76.8 0.0 -6.4
83.2 0.0 -6.4
89.6 0.0 -6.4
96 0.0 -6.4
102.4 0.0 -6.4
-102.4 0.0 -12.8
-96 0.0 -12.8
-89.6 0.0 -12.8
-83.2 0.0 -12.8
-76.8 0.0 -12.8
-70.4 0.0 -12.8
-64 0.0 -12.8
-57.6 0.0 -12.8
-51.2 0.0 -12.8
-44.8 0.0 -12.8
-38.4 0.0 -12.8
-32 0.0 -12.8
-25.6 0.0 -12.8
-19.2 0.0 -12.8
-12.8 0.0 -12.8
-6.4 0.0 -12.8
0.0 0.0 -12.8
6.4 0.0 -12.8
12.8 0.0 -12.8
19.2 0.0 -12.8
25.6 0.0 -12.8
32 0.0 -12.8
38.4 0.0 -12.8
44.8 0.0 -12.8
51.2 0.0 -12.8
57.6 0.0 -12.8
64 0.0 -12.8
70.4 0.0 -12.8
76.8 0.0 -12.8
83.2 0.0 -12.8
89.6 0.0 -12.8
96 0.0 -12.8
102.4 0.0 -12.8
-102.4 0.0 -19.2
-96 0.0 -19.2
-89.6 0.0 -19.2
-83.2 0.0 -19.2
-76.8 0.0 -19.2
-70.4 0.0 -19.2
-64 0.0 -19.2
-57.6 0.0 -19.2
-51.2 0.0 -19.2
-44.8 0.0 -19.2
-38.4 0.0 -19.2
-32 0.0 -19.2
-25.6 0.0 -19.2
-19.2 0.0 -19.2
-12.8 0.0 -19.2
-6.4 0.0 -19.2
0.0 0.0 -19.2
6.4 0.0 -19.2
12.8 0.0 -19.2
19.2 0.0 -19.2
25.6 0.0 -19.2
32 0.0 -19.2
38.4 0.0 -19.2
44.8 0.0 -19.2
51.2 0.0 -19.2
57.6 0.0 -19.2
64 0.0 -19.2
70.4 0.0 -19.2
76.8 0.0 -19.2
83.2 0.0 -19.2
89.6 0.0 -19.2
96 0.0 -19.2
102.4 0.0 -19.2
-102.4 0.0 -25.6
-96 0.0 -25.6
-89.6 0.0 -25.6
-83.2 0.0 -25.6
-76.8 0.0 -25.6
-70.4 0.0 -25.6
-64 0.0 -25.6
-57.6 0.0 -25.6
-51.2 0.0 -25.6
-44.8 0.0 -25.6
-38.4 0.0 -25.6
-32 0.0 -25.6
-25.6 0.0 -25.6
-19.2 0.0 -25.6
-12.8 0.0 -25.6
-6.4 0.0 -25.6
0.0 0.0 -25.6
6.4 0.0 -25.6
12.8 0.0 -25.6
19.2 0.0 -25.6
25.6 0.0 -25.6
32 0.0 -25.6
38.4 0.0 -25.6
44.8 0.0 -25.6
51.2 0.0 -25.6
57.6 0.0 -25.6
64 0.0 -25.6
70.4 0.0 -25.6
76.8 0.0 -25.6
83.2 0.0 -25.6
89.6 0.0 -25.6
96 0.0 -25.6
102.4 0.0 -25.6
-102.4 0.0 -32
-96 0.0 -32
-89.6 0.0 -32
-83.2 0.0 -32
-76.8 0.0 -32
-70.4 0.0 -32
-64 0.0 -32
-57.6 0.0 -32
-51.2 0.0 -32
-44.8 0.0 -32
-38.4 0.0 -32
-32 0.0 -32
-25.6 0.0 -32
-19.2 0.0 -32
-12.8 0.0 -32
-6.4 0.0 -32
0.0 0.0 -32
6.4 0.0 -32
12.8 0.0 -32
19.2 0.0 -32
25.6 0.0 -32
32 0.0 -32
38.4 0.0 -32
44.8 0.0 -32
51.2 0.0 -32
57.6 0.0 -32
64 0.0 -32
70.4 0.0 -32
76.8 0.0 -32
83.2 0.0 -32
89.6 0.0 -32
96 0.0 -32
102.4 0.0 -32
-102.4 0.0 -38.4
-96 0.0 -38.4
-89.6 0.0 -38.4
-83.2 0.0 -38.4
-76.8 0.0 -38.4
-70.4 0.0 -38.4
-64 0.0 -38.4
-57.6 0.0 -38.4
-51.2 0.0 -38.4
-44.8 0.0 -38.4
-38.4 0.0 -38.4
-32 0.0 -38.4
-25.6 0.0 -38.4
-19.2 0.0 -38.4
-12.8 0.0 -38.4
-6.4 0.0 -38.4
0.0 0.0 -38.4
6.4 0.0 -38.4
12.8 0.0 -38.4
19.2 0.0 -38.4
25.6 0.0 -38.4
32 0.0 -38.4
38.4 0.0 -38.4
44.8 0.0 -38.4
51.2 0.0 -38.4
57.6 0.0 -38.4
64 0.0 -38.4
70.4 0.0 -38.4
76.8 0.0 -38.4
83.2 0.0 -38.4
89.6 0.0 -38.4
96 0.0 -38.4
102.4 0.0 -38.4
-102.4 0.0 -44.8
-96 0.0 -44.8
-89.6 0.0 -44.8
-83.2 0.0 -44.8
-76.8 0.0 -44.8
-70.4 0.0 -44.8
-64 0.0 -44.8
-57.6 0.0 -44.8
-51.2 0.0 -44.8
-44.8 0.0 -44.8
-38.4 0.0 -44.8
-32 0.0 -44.8
-25.6 0.0 -44.8
-19.2 0.0 -44.8
-12.8 0.0 -44.8
-6.4 0.0 -44.8
0.0 0.0 -44.8
6.4 0.0 -44.8
12.8 0.0 -44.8
19.2 0.0 -44.8
25.6 0.0 -44.8
32 0.0 -44.8
38.4 0.0 -44.8
44.8 0.0 -44.8
51.2 0.0 -44.8
57.6 0.0 -44.8
64 0.0 -44.8
70.4 0.0 -44.8
76.8 0.0 -44.8
83.2 0.0 -44.8
89.6 0.0 -44.8
96 0.0 -44.8
102.4 0.0 -44.8
-102.4 0.0 -51.2
-96 0.0 -51.2
-89.6 0.0 -51.2
-83.2 0.0 -51.2
-76.8 0.0 -51.2
-70.4 0.0 -51.2
-64 0.0 -51.2
-57.6 0.0 -51.2
-51.2 0.0 -51.2
-44.8 0.0 -51.2
-38.4 0.0 -51.2
-32 0.0 -51.2
-25.6 0.0 -51.2
-19.2 0.0 -51.2
-12.8 0.0 -51.2
-6.4 0.0 -51.2
0.0 0.0 -51.2
6.4 0.0 -51.2
12.8 0.0 -51.2
19.2 0.0 -51.2
25.6 0.0 -51.2
32 0.0 -51.2
38.4 0.0 -51.2
44.8 0.0 -51.2
51.2 0.0 -51.2
57.6 0.0 -51.2
64 0.0 -51.2
70.4 0.0 -51.2
76.8 0.0 -51.2
83.2 0.0 -51.2
89.6 0.0 -51.2
96 0.0 -51.2
102.4 0.0 -51.2
-102.4 0.0 -57.6
-96 0.0 -57.6
-89.6 0.0 -57.6
-83.2 0.0 -57.6
-76.8 0.0 -57.6
-70.4 0.0 -57.6
-64 0.0 -57.6
-57.6 0.0 -57.6
-51.2 0.0 -57.6
-44.8 0.0 -57.6
-38.4 0.0 -57.6
-32 0.0 -57.6
-25.6 0.0 -57.6
-19.2 0.0 -57.6
-12.8 0.0 -57.6
-6.4 0.0 -57.6
0.0 0.0 -57.6
6.4 0.0 -57.6
12.8 0.0 -57.6
19.2 0.0 -57.6
25.6 0.0 -57.6
32 0.0 -57.6
38.4 0.0 -57.6
44.8 0.0 -57.6
51.2 0.0 -57.6
57.6 0.0 -57.6
64 0.0 -57.6
70.4 0.0 -57.6
76.8 0.0 -57.6
83.2 0.0 -57.6
89.6 0.0 -57.6
96 0.0 -57.6
102.4 0.0 -57.6
-102.4 0.0 -64
-96 0.0 -64
-89.6 0.0 -64
-83.2 0.0 -64
-76.8 0.0 -64
-70.4 0.0 -64
-64 0.0 -64
-57.6 0.0 -64
-51.2 0.0 -64
-44.8 0.0 -64
-38.4 0.0 -64
-32 0.0 -64
-25.6 0.0 -64
-19.2 0.0 -64
-12.8 0.0 -64
-6.4 0.0 -64
0.0 0.0 -64
6.4 0.0 -64
12.8 0.0 -64
19.2 0.0 -64
25.6 0.0 -64
32 0.0 -64
38.4 0.0 -64
44.8 0.0 -64
51.2 0.0 -64
57.6 0.0 -64
64 0.0 -64
70.4 0.0 -64
76.8 0.0 -64
83.2 0.0 -64
89.6 0.0 -64
96 0.0 -64
102.4 0.0 -64
-102.4 0.0 -70.4
-96 0.0 -70.4
-89.6 0.0 -70.4
-83.2 0.0 -70.4
-76.8 0.0 -70.4
-70.4 0.0 -70.4
-64 0.0 -70.4
-57.6 0.0 -70.4
-51.2 0.0 -70.4
-44.8 0.0 -70.4
-38.4 0.0 -70.4
-32 0.0 -70.4
-25.6 0.0 -70.4
-19.2 0.0 -70.4
-12.8 0.0 -70.4
-6.4 0.0 -70.4
0.0 0.0 -70.4
6.4 0.0 -70.4
12.8 0.0 -70.4
19.2 0.0 -70.4
25.6 0.0 -70.4
32 0.0 -70.4
38.4 0.0 -70.4
44.8 0.0 -70.4
51.2 0.0 -70.4
57.6 0.0 -70.4
64 0.0 -70.4
70.4 0.0 -70.4
76.8 0.0 -70.4
83.2 0.0 -70.4
89.6 0.0 -70.4
96 0.0 -70.4
102.4 0.0 -70.4
-102.4 0.0 -76.8
-96 0.0 -76.8
-89.6 0.0 -76.8
-83.2 0.0 -76.8
-76.8 0.0 -76.8
-70.4 0.0 -76.8
-64 0.0 -76.8
-57.6 0.0 -76.8
-51.2 0.0 -76.8
-44.8 0.0 -76.8
-38.4 0.0 -76.8
-32 0.0 -76.8
-25.6 0.0 -76.8
-19.2 0.0 -76.8
-12.8 0.0 -76.8
-6.4 0.0 -76.8
0.0 0.0 -76.8
6.4 0.0 -76.8
12.8 0.0 -76.8
19.2 0.0 -76.8
25.6 0.0 -76.8
32 0.0 -76.8
38.4 0.0 -76.8
44.8 0.0 -76.8
51.2 0.0 -76.8
57.6 0.0 -76.8
64 0.0 -76.8
70.4 0.0 -76.8
76.8 0.0 -76.8
83.2 0.0 -76.8
89.6 0.0 -76.8
96 0.0 -76.8
102.4 0.0 -76.8
-102.4 0.0 -83.2
-96 0.0 -83.2
-89.6 0.0 -83.2
-83.2 0.0 -83.2
-76.8 0.0 -83.2
-70.4 0.0 -83.2
-64 0.0 -83.2
-57.6 0.0 -83.2
-51.2 0.0 -83.2
-44.8 0.0 -83.2
-38.4 0.0 -83.2
-32 0.0 -83.2
-25.6 0.0 -83.2
-19.2 0.0 -83.2
-12.8 0.0 -83.2
-6.4 0.0 -83.2
0.0 0.0 -83.2
6.4 0.0 -83.2
12.8 0.0 -83.2
19.2 0.0 -83.2
25.6 0.0 -83.2
32 0.0 -83.2
38.4 0.0 -83.2
44.8 0.0 -83.2
51.2 0.0 -83.2
57.6 0.0 -83.2
64 0.0 -83.2
70.4 0.0 -83.2
76.8 0.0 -83.2
83.2 0.0 -83.2
89.6 0.0 -83.2
96 0.0 -83.2
102.4 0.0 -83.2
-102.4 0.0 -89.6
-96 0.0 -89.6
-89.6 0.0 -89.6
-83.2 0.0 -89.6
-76.8 0.0 -89.6
-70.4 0.0 -89.6
-64 0.0 -89.6
-57.6 0.0 -89.6
-51.2 0.0 -89.6
-44.8 0.0 -89.6
-38.4 0.0 -89.6
-32 0.0 -89.6
-25.6 0.0 -89.6
-19.2 0.0 -89.6
-12.8 0.0 -89.6
-6.4 0.0 -89.6
0.0 0.0 -89.6
6.4 0.0 -89.6
12.8 0.0 -89.6
19.2 0.0 -89.6
25.6 0.0 -89.6
32 0.0 -89.6
38.4 0.0 -89.6
44.8 0.0 -89.6
51.2 0.0 -89.6
57.6 0.0 -89.6
64 0.0 -89.6
70.4 0.0 -89.6
76.8 0.0 -89.6
83.2 0.0 -89.6
89.6 0.0 -89.6
96 0.0 -89.6
102.4 0.0 -89.6
-102.4 0.0 -96
-96 0.0 -96
-89.6 0.0 -96
-83.2 0.0 -96
-76.8 0.0 -96
-70.4 0.0 -96
-64 0.0 -96
-57.6 0.0 -96
-51.2 0.0 -96
-44.8 0.0 -96
-38.4 0.0 -96
-32 0.0 -96
-25.6 0.0 -96
-19.2 0.0 -96
-12.8 0.0 -96
-6.4 0.0 -96
0.0 0.0 -96
6.4 0.0 -96
12.8 0.0 -96
19.2 0.0 -96
25.6 0.0 -96
32 0.0 -96
38.4 0.0 -96
44.8 0.0 -96
51.2 0.0 -96
57.6 0.0 -96
64 0.0 -96
70.4 0.0 -96
76.8 0.0 -96
83.2 0.0 -96
89.6 0.0 -96
96 0.0 -96
102.4 0.0 -96
-102.4 0.0 -102.4
-96 0.0 -102.4
-89.6 0.0 -102.4
-83.2 0.0 -102.4
-76.8 0.0 -102.4
-70.4 0.0 -102.4
-64 0.0 -102.4
-57.6 0.0 -102.4
-51.2 0.0 -102.4
-44.8 0.0 -102.4
-38.4 0.0 -102.4
-32 0.0 -102.4
-25.6 0.0 -102.4
-19.2 0.0 -102.4
-12.8 0.0 -102.4
-6.4 0.0 -102.4
0.0 0.0 -102.4
6.4 0.0 -102.4
12.8 0.0 -102.4
19.2 0.0 -102.4
25.6 0.0 -102.4
32 0.0 -102.4
38.4 0.0 -102.4
44.8 0.0 -102.4
51.2 0.0 -102.4
57.6 0.0 -102.4
64 0.0 -102.4
70.4 0.0 -102.4
76.8 0.0 -102.4
83.2 0.0 -102.4
89.6 0.0 -102.4
96 0.0 -102.4
102.4 0.0 -102.4
