-6.4 0.0 6.4
-6 0.0 6.4
-5.6 0.0 6.4
-5.2 0.0 6.4
-4.8 0.0 6.4
-4.4 0.0 6.4
-4 0.0 6.4
-3.6 0.0 6.4
-3.2 0.0 6.4
-2.8 0.0 6.4
-2.4 0.0 6.4
-2 0.0 6.4
-1.6 0.0 6.4
-1.2 0.0 6.4
-0.8 0.0 6.4
-0.4 0.0 6.4
0.0 0.0 6.4
0.4 0.0 6.4
0.8 0.0 6.4
1.2 0.0 6.4
1.6 0.0 6.4
2 0.0 6.4
2.4 0.0 6.4
2.8 0.0 6.4
3.2 0.0 6.4
3.6 0.0 6.4
4 0.0 6.4
4.4 0.0 6.4
4.8 0.0 6.4
5.2 0.0 6.4
5.6 0.0 6.4
6 0.0 6.4
6.4 0.0 6.4
-6.4 0.0 6
-6 0.0 6
-5.6 0.0 6
-5.2 0.0 6
-4.8 0.0 6
-4.4 0.0 6
-4 0.0 6
-3.6 0.0 6
-3.2 0.0 6
-2.8 0.0 6
-2.4 0.0 6
-2 0.0 6
-1.6 0.0 6
-1.2 0.0 6
-0.8 0.0 6
-0.4 0.0 6
0.0 0.0 6
0.4 0.0 6
0.8 0.0 6
1.2 0.0 6
1.6 0.0 6
2 0.0 6
2.4 0.0 6
2.8 0.0 6
3.2 0.0 6
3.6 0.0 6
4 0.0 6
4.4 0.0 6
4.8 0.0 6
5.2 0.0 6
5.6 0.0 6
6 0.0 6
6.4 0.0 6
-6.4 0.0 5.6
-6 0.0 5.6
-5.6 0.0 5.6
-5.2 0.0 5.6
-4.8 0.0 5.6
-4.4 0.0 5.6
-4 0.0 5.6
-3.6 0.0 5.6
-3.2 0.0 5.6
-2.8 0.0 5.6
-2.4 0.0 5.6
-2 0.0 5.6
-1.6 0.0 5.6
-1.2 0.0 5.6
-0.8 0.0 5.6
-0.4 0.0 5.6
0.0 0.0 5.6
0.4 0.0 5.6
0.8 0.0 5.6
1.2 0.0 5.6
1.6 0.0 5.6
2 0.0 5.6
2.4 0.0 5.6
2.8 0.0 5.6
3.2 0.0 5.6
3.6 0.0 5.6
4 0.0 5.6
4.4 0.0 5.6
4.8 0.0 5.6
5.2 0.0 5.6
5.6 0.0 5.6
6 0.0 5.6
6.4 0.0 5.6
-6.4 0.0 5.2
-6 0.0 5.2
-5.6 0.0 5.2
-5.2 0.0 5.2
-4.8 0.0 5.2
-4.4 0.0 5.2
-4 0.0 5.2
-3.6 0.0 5.2
-3.2 0.0 5.2
-2.8 0.0 5.2
-2.4 0.0 5.2
-2 0.0 5.2
-1.6 0.0 5.2
-1.2 0.0 5.2
-0.8 0.0 5.2
-0.4 0.0 5.2
0.0 0.0 5.2
0.4 0.0 5.2
0.8 0.0 5.2
1.2 0.0 5.2
1.6 0.0 5.2
2 0.0 5.2
2.4 0.0 5.2
2.8 0.0 5.2
3.2 0.0 5.2
3.6 0.0 5.2
4 0.0 5.2
4.4 0.0 5.2
4.8 0.0 5.2
5.2 0.0 5.2
5.6 0.0 5.2
6 0.0 5.2
6.4 0.0 5.2
-6.4 0.0 4.8
-6 0.0 4.8
-5.6 0.0 4.8
-5.2 0.0 4.8
-4.8 0.0 4.8
-4.4 0.0 4.8
-4 0.0 4.8
-3.6 0.0 4.8
-3.2 0.0 4.8
-2.8 0.0 4.8
-2.4 0.0 4.8
-2 0.0 4.8
-1.6 0.0 4.8
-1.2 0.0 4.8
-0.8 0.0 4.8
-0.4 0.0 4.8
0.0 0.0 4.8
0.4 0.0 4.8
0.8 0.0 4.8
1.2 0.0 4.8
1.6 0.0 4.8
2 0.0 4.8
2.4 0.0 4.8
2.8 0.0 4.8
3.2 0.0 4.8
3.6 0.0 4.8
4 0.0 4.8
4.4 0.0 4.8
4.8 0.0 4.8
5.2 0.0 4.8
5.6 0.0 4.8
6 0.0 4.8
6.4 0.0 4.8
-6.4 0.0 4.4
-6 0.0 4.4
-5.6 0.0 4.4
-5.2 0.0 4.4
-4.8 0.0 4.4
-4.4 0.0 4.4
-4 0.0 4.4
-3.6 0.0 4.4
-3.2 0.0 4.4
-2.8 0.0 4.4
-2.4 0.0 4.4
-2 0.0 4.4
-1.6 0.0 4.4
-1.2 0.0 4.4
-0.8 0.0 4.4
-0.4 0.0 4.4
0.0 0.0 4.4
0.4 0.0 4.4
0.8 0.0 4.4
1.2 0.0 4.4
1.6 0.0 4.4
2 0.0 4.4
2.4 0.0 4.4
2.8 0.0 4.4
3.2 0.0 4.4
3.6 0.0 4.4
4 0.0 4.4
4.4 0.0 4.4
4.8 0.0 4.4
5.2 0.0 4.4
5.6 0.0 4.4
6 0.0 4.4
6.4 0.0 4.4
-6.4 0.0 4
-6 0.0 4
-5.6 0.0 4
-5.2 0.0 4
-4.8 0.0 4
-4.4 0.0 4
-4 0.0 4
-3.6 0.0 4
-3.2 0.0 4
-2.8 0.0 4
-2.4 0.0 4
-2 0.0 4
-1.6 0.0 4
-1.2 0.0 4
-0.8 0.0 4
-0.4 0.0 4
0.0 0.0 4
0.4 0.0 4
0.8 0.0 4
1.2 0.0 4
1.6 0.0 4
2 0.0 4
2.4 0.0 4
2.8 0.0 4
3.2 0.0 4
3.6 0.0 4
4 0.0 4
4.4 0.0 4
4.8 0.0 4
5.2 0.0 4
5.6 0.0 4
6 0.0 4
6.4 0.0 4
-6.4 0.0 3.6
-6 0.0 3.6
-5.6 0.0 3.6
-5.2 0.0 3.6
-4.8 0.0 3.6
-4.4 0.0 3.6
-4 0.0 3.6
-3.6 0.0 3.6
-3.2 0.0 3.6
-2.8 0.0 3.6
-2.4 0.0 3.6
-2 0.0 3.6
-1.6 0.0 3.6
-1.2 0.0 3.6
-0.8 0.0 3.6
-0.4 0.0 3.6
0.0 0.0 3.6
0.4 0.0 3.6
0.8 0.0 3.6
1.2 0.0 3.6
1.6 0.0 3.6
2 0.0 3.6
2.4 0.0 3.6
2.8 0.0 3.6
3.2 0.0 3.6
3.6 0.0 3.6
4 0.0 3.6
4.4 0.0 3.6
4.8 0.0 3.6
5.2 0.0 3.6
5.6 0.0 3.6
6 0.0 3.6
6.4 0.0 3.6
-6.4 0.0 3.2
-6 0.0 3.2
-5.6 0.0 3.2
-5.2 0.0 3.2
-4.8 0.0 3.2
-4.4 0.0 3.2
-4 0.0 3.2
-3.6 0.0 3.2
-3.2 0.0 3.2
-2.8 0.0 3.2
-2.4 0.0 3.2
-2 0.0 3.2
-1.6 0.0 3.2
-1.2 0.0 3.2
-0.8 0.0 3.2
-0.4 0.0 3.2
0.0 0.0 3.2
0.4 0.0 3.2
0.8 0.0 3.2
1.2 0.0 3.2
1.6 0.0 3.2
2 0.0 3.2
2.4 0.0 3.2
2.8 0.0 3.2
3.2 0.0 3.2
3.6 0.0 3.2
4 0.0 3.2
4.4 0.0 3.2
4.8 0.0 3.2
5.2 0.0 3.2
5.6 0.0 3.2
6 0.0 3.2
6.4 0.0 3.2
-6.4 0.0 2.8
-6 0.0 2.8
-5.6 0.0 2.8
-5.2 0.0 2.8
-4.8 0.0 2.8
-4.4 0.0 2.8
-4 0.0 2.8
-3.6 0.0 2.8
-3.2 0.0 2.8
-2.8 0.0 2.8
-2.4 0.0 2.8
-2 0.0 2.8
-1.6 0.0 2.8
-1.2 0.0 2.8
-0.8 0.0 2.8
-0.4 0.0 2.8
0.0 0.0 2.8
0.4 0.0 2.8
0.8 0.0 2.8
1.2 0.0 2.8
1.6 0.0 2.8
2 0.0 2.8
2.4 0.0 2.8
2.8 0.0 2.8
3.2 0.0 2.8
3.6 0.0 2.8
4 0.0 2.8
4.4 0.0 2.8
4.8 0.0 2.8
5.2 0.0 2.8
5.6 0.0 2.8
6 0.0 2.8
6.4 0.0 2.8
-6.4 0.0 2.4
-6 0.0 2.4
-5.6 0.0 2.4
-5.2 0.0 2.4
-4.8 0.0 2.4
-4.4 0.0 2.4
-4 0.0 2.4
-3.6 0.0 2.4
-3.2 0.0 2.4
-2.8 0.0 2.4
-2.4 0.0 2.4
-2 0.0 2.4
-1.6 0.0 2.4
-1.2 0.0 2.4
-0.8 0.0 2.4
-0.4 0.0 2.4
0.0 0.0 2.4
0.4 0.0 2.4
0.8 0.0 2.4
1.2 0.0 2.4
1.6 0.0 2.4
2 0.0 2.4
2.4 0.0 2.4
2.8 0.0 2.4
3.2 0.0 2.4
3.6 0.0 2.4
4 0.0 2.4
4.4 0.0 2.4
4.8 0.0 2.4
5.2 0.0 2.4
5.6 0.0 2.4
6 0.0 2.4
6.4 0.0 2.4
-6.4 0.0 2
-6 0.0 2
-5.6 0.0 2
-5.2 0.0 2
-4.8 0.0 2
-4.4 0.0 2
-4 0.0 2
-3.6 0.0 2
-3.2 0.0 2
-2.8 0.0 2
-2.4 0.0 2
-2 0.0 2
-1.6 0.0 2
-1.2 0.0 2
-0.8 0.0 2
-0.4 0.0 2
0.0 0.0 2
0.4 0.0 2
0.8 0.0 2
1.2 0.0 2
1.6 0.0 2
2 0.0 2
2.4 0.0 2
2.8 0.0 2
3.2 0.0 2
3.6 0.0 2
4 0.0 2
4.4 0.0 2
4.8 0.0 2
5.2 0.0 2
5.6 0.0 2
6 0.0 2
6.4 0.0 2
-6.4 0.0 1.6
-6 0.0 1.6
-5.6 0.0 1.6
-5.2 0.0 1.6
-4.8 0.0 1.6
-4.4 0.0 1.6
-4 0.0 1.6
-3.6 0.0 1.6
-3.2 0.0 1.6
-2.8 0.0 1.6
-2.4 0.0 1.6
-2 0.0 1.6
-1.6 0.0 1.6
-1.2 0.0 1.6
-0.8 0.0 1.6
-0.4 0.0 1.6
0.0 0.0 1.6
0.4 0.0 1.6
0.8 0.0 1.6
1.2 0.0 1.6
1.6 0.0 1.6
2 0.0 1.6
2.4 0.0 1.6
2.8 0.0 1.6
3.2 0.0 1.6
3.6 0.0 1.6
4 0.0 1.6
4.4 0.0 1.6
4.8 0.0 1.6
5.2 0.0 1.6
5.6 0.0 1.6
6 0.0 1.6
6.4 0.0 1.6
-6.4 0.0 1.2
-6 0.0 1.2
-5.6 0.0 1.2
-5.2 0.0 1.2
-4.8 0.0 1.2
-4.4 0.0 1.2
-4 0.0 1.2
-3.6 0.0 1.2
-3.2 0.0 1.2
-2.8 0.0 1.2
-2.4 0.0 1.2
-2 0.0 1.2
-1.6 0.0 1.2
-1.2 0.0 1.2
-0.8 0.0 1.2
-0.4 0.0 1.2
0.0 0.0 1.2
0.4 0.0 1.2
0.8 0.0 1.2
1.2 0.0 1.2
1.6 0.0 1.2
2 0.0 1.2
2.4 0.0 1.2
2.8 0.0 1.2
3.2 0.0 1.2
3.6 0.0 1.2
4 0.0 1.2
4.4 0.0 1.2
4.8 0.0 1.2
5.2 0.0 1.2
5.6 0.0 1.2
6 0.0 1.2
6.4 0.0 1.2
-6.4 0.0 0.8
-6 0.0 0.8
-5.6 0.0 0.8
-5.2 0.0 0.8
-4.8 0.0 0.8
-4.4 0.0 0.8
-4 0.0 0.8
-3.6 0.0 0.8
-3.2 0.0 0.8
-2.8 0.0 0.8
-2.4 0.0 0.8
-2 0.0 0.8
-1.6 0.0 0.8
-1.2 0.0 0.8
-0.8 0.0 0.8
-0.4 0.0 0.8
0.0 0.0 0.8
0.4 0.0 0.8
0.8 0.0 0.8
1.2 0.0 0.8
1.6 0.0 0.8
2 0.0 0.8
2.4 0.0 0.8
2.8 0.0 0.8
3.2 0.0 0.8
3.6 0.0 0.8
4 0.0 0.8
4.4 0.0 0.8
4.8 0.0 0.8
5.2 0.0 0.8
5.6 0.0 0.8
6 0.0 0.8
6.4 0.0 0.8
-6.4 0.0 0.4
-6 0.0 0.4
-5.6 0.0 0.4
-5.2 0.0 0.4
-4.8 0.0 0.4
-4.4 0.0 0.4
-4 0.0 0.4
-3.6 0.0 0.4
-3.2 0.0 0.4
-2.8 0.0 0.4
-2.4 0.0 0.4
-2 0.0 0.4
-1.6 0.0 0.4
-1.2 0.0 0.4
-0.8 0.0 0.4
-0.4 0.0 0.4
0.0 0.0 0.4
0.4 0.0 0.4
0.8 0.0 0.4
1.2 0.0 0.4
1.6 0.0 0.4
2 0.0 0.4
2.4 0.0 0.4
2.8 0.0 0.4
3.2 0.0 0.4
3.6 0.0 0.4
4 0.0 0.4
4.4 0.0 0.4
4.8 0.0 0.4
5.2 0.0 0.4
5.6 0.0 0.4
6 0.0 0.4
6.4 0.0 0.4
-6.4 0.0 -0.0
-6 0.0 -0.0
-5.6 0.0 -0.0
-5.2 0.0 -0.0
-4.8 0.0 -0.0
-4.4 0.0 -0.0
-4 0.0 -0.0
-3.6 0.0 -0.0
-3.2 0.0 -0.0
-2.8 0.0 -0.0
-2.4 0.0 -0.0
-2 0.0 -0.0
-1.6 0.0 -0.0
-1.2 0.0 -0.0
-0.8 0.0 -0.0
-0.4 0.0 -0.0
0.0 0.0 -0.0
0.4 0.0 -0.0
0.8 0.0 -0.0
1.2 0.0 -0.0
1.6 0.0 -0.0
2 0.0 -0.0
2.4 0.0 -0.0
2.8 0.0 -0.0
3.2 0.0 -0.0
3.6 0.0 -0.0
4 0.0 -0.0
4.4 0.0 -0.0
4.8 0.0 -0.0
5.2 0.0 -0.0
5.6 0.0 -0.0
6 0.0 -0.0
6.4 0.0 -0.0
-6.4 0.0 -0.4
-6 0.0 -0.4
-5.6 0.0 -0.4
-5.2 0.0 -0.4
-4.8 0.0 -0.4
-4.4 0.0 -0.4
-4 0.0 -0.4
-3.6 0.0 -0.4
-3.2 0.0 -0.4
-2.8 0.0 -0.4
-2.4 0.0 -0.4
-2 0.0 -0.4
-1.6 0.0 -0.4
-1.2 0.0 -0.4
-0.8 0.0 -0.4
-0.4 0.0 -0.4
0.0 0.0 -0.4
0.4 0.0 -0.4
0.8 0.0 -0.4
1.2 0.0 -0.4
1.6 0.0 -0.4
2 0.0 -0.4
2.4 0.0 -0.4
2.8 0.0 -0.4
3.2 0.0 -0.4
3.6 0.0 -0.4
4 0.0 -0.4
4.4 0.0 -0.4
4.8 0.0 -0.4
5.2 0.0 -0.4
5.6 0.0 -0.4
6 0.0 -0.4
6.4 0.0 -0.4
-6.4 0.0 -0.8
-6 0.0 -0.8
-5.6 0.0 -0.8
-5.2 0.0 -0.8
-4.8 0.0 -0.8
-4.4 0.0 -0.8
-4 0.0 -0.8
-3.6 0.0 -0.8
-3.2 0.0 -0.8
-2.8 0.0 -0.8
-2.4 0.0 -0.8
-2 0.0 -0.8
-1.6 0.0 -0.8
-1.2 0.0 -0.8
-0.8 0.0 -0.8
-0.4 0.0 -0.8
0.0 0.0 -0.8
0.4 0.0 -0.8
0.8 0.0 -0.8
1.2 0.0 -0.8
1.6 0.0 -0.8
2 0.0 -0.8
2.4 0.0 -0.8
2.8 0.0 -0.8
3.2 0.0 -0.8
3.6 0.0 -0.8
4 0.0 -0.8
4.4 0.0 -0.8
4.8 0.0 -0.8
5.2 0.0 -0.8
5.6 0.0 -0.8
6 0.0 -0.8
6.4 0.0 -0.8
-6.4 0.0 -1.2
-6 0.0 -1.2
-5.6 0.0 -1.2
-5.2 0.0 -1.2
-4.8 0.0 -1.2
-4.4 0.0 -1.2
-4 0.0 -1.2
-3.6 0.0 -1.2
-3.2 0.0 -1.2
-2.8 0.0 -1.2
-2.4 0.0 -1.2
-2 0.0 -1.2
-1.6 0.0 -1.2
-1.2 0.0 -1.2
-0.8 0.0 -1.2
-0.4 0.0 -1.2
0.0 0.0 -1.2
0.4 0.0 -1.2
0.8 0.0 -1.2
1.2 0.0 -1.2
1.6 0.0 -1.2
2 0.0 -1.2
2.4 0.0 -1.2
2.8 0.0 -1.2
3.2 0.0 -1.2
3.6 0.0 -1.2
4 0.0 -1.2
4.4 0.0 -1.2
4.8 0.0 -1.2
5.2 0.0 -1.2
5.6 0.0 -1.2
6 0.0 -1.2
6.4 0.0 -1.2
-6.4 0.0 -1.6
-6 0.0 -1.6
-5.6 0.0 -1.6
-5.2 0.0 -1.6
-4.8 0.0 -1.6
-4.4 0.0 -1.6
-4 0.0 -1.6
-3.6 0.0 -1.6
-3.2 0.0 -1.6
-2.8 0.0 -1.6
-2.4 0.0 -1.6
-2 0.0 -1.6
-1.6 0.0 -1.6
-1.2 0.0 -1.6
-0.8 0.0 -1.6
-0.4 0.0 -1.6
0.0 0.0 -1.6
0.4 0.0 -1.6
0.8 0.0 -1.6
1.2 0.0 -1.6
1.6 0.0 -1.6
2 0.0 -1.6
2.4 0.0 -1.6
2.8 0.0 -1.6
3.2 0.0 -1.6
3.6 0.0 -1.6
4 0.0 -1.6
4.4 0.0 -1.6
4.8 0.0 -1.6
5.2 0.0 -1.6
5.6 0.0 -1.6
6 0.0 -1.6
6.4 0.0 -1.6
-6.4 0.0 -2
-6 0.0 -2
-5.6 0.0 -2
-5.2 0.0 -2
-4.8 0.0 -2
-4.4 0.0 -2
-4 0.0 -2
-3.6 0.0 -2
-3.2 0.0 -2
-2.8 0.0 -2
-2.4 0.0 -2
-2 0.0 -2
-1.6 0.0 -2
-1.2 0.0 -2
-0.8 0.0 -2
-0.4 0.0 -2
0.0 0.0 -2
0.4 0.0 -2
0.8 0.0 -2
1.2 0.0 -2
1.6 0.0 -2
2 0.0 -2
2.4 0.0 -2
2.8 0.0 -2
3.2 0.0 -2
3.6 0.0 -2
4 0.0 -2
4.4 0.0 -2
4.8 0.0 -2
5.2 0.0 -2
5.6 0.0 -2
6 0.0 -2
6.4 0.0 -2
-6.4 0.0 -2.4
-6 0.0 -2.4
-5.6 0.0 -2.4
-5.2 0.0 -2.4
-4.8 0.0 -2.4
-4.4 0.0 -2.4
-4 0.0 -2.4
-3.6 0.0 -2.4
-3.2 0.0 -2.4
-2.8 0.0 -2.4
-2.4 0.0 -2.4
-2 0.0 -2.4
-1.6 0.0 -2.4
-1.2 0.0 -2.4
-0.8 0.0 -2.4
-0.4 0.0 -2.4
0.0 0.0 -2.4
0.4 0.0 -2.4
0.8 0.0 -2.4
1.2 0.0 -2.4
1.6 0.0 -2.4
2 0.0 -2.4
2.4 0.0 -2.4
2.8 0.0 -2.4
3.2 0.0 -2.4
3.6 0.0 -2.4
4 0.0 -2.4
4.4 0.0 -2.4
4.8 0.0 -2.4
5.2 0.0 -2.4
5.6 0.0 -2.4
6 0.0 -2.4
6.4 0.0 -2.4
-6.4 0.0 -2.8
-6 0.0 -2.8
-5.6 0.0 -2.8
-5.2 0.0 -2.8
-4.8 0.0 -2.8
-4.4 0.0 -2.8
-4 0.0 -2.8
-3.6 0.0 -2.8
-3.2 0.0 -2.8
-2.8 0.0 -2.8
-2.4 0.0 -2.8
-2 0.0 -2.8
-1.6 0.0 -2.8
-1.2 0.0 -2.8
-0.8 0.0 -2.8
-0.4 0.0 -2.8
0.0 0.0 -2.8
0.4 0.0 -2.8
0.8 0.0 -2.8
1.2 0.0 -2.8
1.6 0.0 -2.8
2 0.0 -2.8
2.4 0.0 -2.8
2.8 0.0 -2.8
3.2 0.0 -2.8
3.6 0.0 -2.8
4 0.0 -2.8
4.4 0.0 -2.8
4.8 0.0 -2.8
5.2 0.0 -2.8
5.6 0.0 -2.8
6 0.0 -2.8
6.4 0.0 -2.8
-6.4 0.0 -3.2
-6 0.0 -3.2
-5.6 0.0 -3.2
-5.2 0.0 -3.2
-4.8 0.0 -3.2
-4.4 0.0 -3.2
-4 0.0 -3.2
-3.6 0.0 -3.2
-3.2 0.0 -3.2
-2.8 0.0 -3.2
-2.4 0.0 -3.2
-2 0.0 -3.2
-1.6 0.0 -3.2
-1.2 0.0 -3.2
-0.8 0.0 -3.2
-0.4 0.0 -3.2
0.0 0.0 -3.2
0.4 0.0 -3.2
0.8 0.0 -3.2
1.2 0.0 -3.2
1.6 0.0 -3.2
2 0.0 -3.2
2.4 0.0 -3.2
2.8 0.0 -3.2
3.2 0.0 -3.2
3.6 0.0 -3.2
4 0.0 -3.2
4.4 0.0 -3.2
4.8 0.0 -3.2
5.2 0.0 -3.2
5.6 0.0 -3.2
6 0.0 -3.2
6.4 0.0 -3.2
-6.4 0.0 -3.6
-6 0.0 -3.6
-5.6 0.0 -3.6
-5.2 0.0 -3.6
-4.8 0.0 -3.6
-4.4 0.0 -3.6
-4 0.0 -3.6
-3.6 0.0 -3.6
-3.2 0.0 -3.6
-2.8 0.0 -3.6
-2.4 0.0 -3.6
-2 0.0 -3.6
-1.6 0.0 -3.6
-1.2 0.0 -3.6
-0.8 0.0 -3.6
-0.4 0.0 -3.6
0.0 0.0 -3.6
0.4 0.0 -3.6
0.8 0.0 -3.6
1.2 0.0 -3.6
1.6 0.0 -3.6
2 0.0 -3.6
2.4 0.0 -3.6
2.8 0.0 -3.6
3.2 0.0 -3.6
3.6 0.0 -3.6
4 0.0 -3.6
4.4 0.0 -3.6
4.8 0.0 -3.6
5.2 0.0 -3.6
5.6 0.0 -3.6
6 0.0 -3.6
6.4 0.0 -3.6
-6.4 0.0 -4
-6 0.0 -4
-5.6 0.0 -4
-5.2 0.0 -4
-4.8 0.0 -4
-4.4 0.0 -4
-4 0.0 -4
-3.6 0.0 -4
-3.2 0.0 -4
-2.8 0.0 -4
-2.4 0.0 -4
-2 0.0 -4
-1.6 0.0 -4
-1.2 0.0 -4
-0.8 0.0 -4
-0.4 0.0 -4
0.0 0.0 -4
0.4 0.0 -4
0.8 0.0 -4
1.2 0.0 -4
1.6 0.0 -4
2 0.0 -4
2.4 0.0 -4
2.8 0.0 -4
3.2 0.0 -4
3.6 0.0 -4
4 0.0 -4
4.4 0.0 -4
4.8 0.0 -4
5.2 0.0 -4
5.6 0.0 -4
6 0.0 -4
6.4 0.0 -4
-6.4 0.0 -4.4
-6 0.0 -4.4
-5.6 0.0 -4.4
-5.2 0.0 -4.4
-4.8 0.0 -4.4
-4.4 0.0 -4.4
-4 0.0 -4.4
-3.6 0.0 -4.4
-3.2 0.0 -4.4
-2.8 0.0 -4.4
-2.4 0.0 -4.4
-2 0.0 -4.4
-1.6 0.0 -4.4
-1.2 0.0 -4.4
-0.8 0.0 -4.4
-0.4 0.0 -4.4
0.0 0.0 -4.4
0.4 0.0 -4.4
0.8 0.0 -4.4
1.2 0.0 -4.4
1.6 0.0 -4.4
2 0.0 -4.4
2.4 0.0 -4.4
2.8 0.0 -4.4
3.2 0.0 -4.4
3.6 0.0 -4.4
4 0.0 -4.4
4.4 0.0 -4.4
4.8 0.0 -4.4
5.2 0.0 -4.4
5.6 0.0 -4.4
6 0.0 -4.4
6.4 0.0 -4.4
-6.4 0.0 -4.8
-6 0.0 -4.8
-5.6 0.0 -4.8
-5.2 0.0 -4.8
-4.8 0.0 -4.8
-4.4 0.0 -4.8
-4 0.0 -4.8
-3.6 0.0 -4.8
-3.2 0.0 -4.8
-2.8 0.0 -4.8
-2.4 0.0 -4.8
-2 0.0 -4.8
-1.6 0.0 -4.8
-1.2 0.0 -4.8
-0.8 0.0 -4.8
-0.4 0.0 -4.8
0.0 0.0 -4.8
0.4 0.0 -4.8
0.8 0.0 -4.8
1.2 0.0 -4.8
1.6 0.0 -4.8
2 0.0 -4.8
2.4 0.0 -4.8
2.8 0.0 -4.8
3.2 0.0 -4.8
3.6 0.0 -4.8
4 0.0 -4.8
4.4 0.0 -4.8
4.8 0.0 -4.8
5.2 0.0 -4.8
5.6 0.0 -4.8
6 0.0 -4.8
6.4 0.0 -4.8
-6.4 0.0 -5.2
-6 0.0 -5.2
-5.6 0.0 -5.2
-5.2 0.0 -5.2
-4.8 0.0 -5.2
-4.4 0.0 -5.2
-4 0.0 -5.2
-3.6 0.0 -5.2
-3.2 0.0 -5.2
-2.8 0.0 -5.2
-2.4 0.0 -5.2
-2 0.0 -5.2
-1.6 0.0 -5.2
-1.2 0.0 -5.2
-0.8 0.0 -5.2
-0.4 0.0 -5.2
0.0 0.0 -5.2
0.4 0.0 -5.2
0.8 0.0 -5.2
1.2 0.0 -5.2
1.6 0.0 -5.2
2 0.0 -5.2
2.4 0.0 -5.2
2.8 0.0 -5.2
3.2 0.0 -5.2
3.6 0.0 -5.2
4 0.0 -5.2
4.4 0.0 -5.2
4.8 0.0 -5.2
5.2 0.0 -5.2
5.6 0.0 -5.2
6 0.0 -5.2
6.4 0.0 -5.2
-6.4 0.0 -5.6
-6 0.0 -5.6
-5.6 0.0 -5.6
-5.2 0.0 -5.6
-4.8 0.0 -5.6
-4.4 0.0 -5.6
-4 0.0 -5.6
-3.6 0.0 -5.6
-3.2 0.0 -5.6
-2.8 0.0 -5.6
-2.4 0.0 -5.6
-2 0.0 -5.6
-1.6 0.0 -5.6
-1.2 0.0 -5.6
-0.8 0.0 -5.6
-0.4 0.0 -5.6
0.0 0.0 -5.6
0.4 0.0 -5.6
0.8 0.0 -5.6
1.2 0.0 -5.6
1.6 0.0 -5.6
2 0.0 -5.6
2.4 0.0 -5.6
2.8 0.0 -5.6
3.2 0.0 -5.6
3.6 0.0 -5.6
4 0.0 -5.6
4.4 0.0 -5.6
4.8 0.0 -5.6
5.2 0.0 -5.6
5.6 0.0 -5.6
6 0.0 -5.6
6.4 0.0 -5.6
-6.4 0.0 -6
-6 0.0 -6
-5.6 0.0 -6
-5.2 0.0 -6
-4.8 0.0 -6
-4.4 0.0 -6
-4 0.0 -6
-3.6 0.0 -6
-3.2 0.0 -6
-2.8 0.0 -6
-2.4 0.0 -6
-2 0.0 -6
-1.6 0.0 -6
-1.2 0.0 -6
-0.8 0.0 -6
-0.4 0.0 -6
0.0 0.0 -6
0.4 0.0 -6
0.8 0.0 -6
1.2 0.0 -6
1.6 0.0 -6
2 0.0 -6
2.4 0.0 -6
2.8 0.0 -6
3.2 0.0 -6
3.6 0.0 -6
4 0.0 -6
4.4 0.0 -6
4.8 0.0 -6
5.2 0.0 -6
5.6 0.0 -6
6 0.0 -6
6.4 0.0 -6
-6.4 0.0 -6.4
-6 0.0 -6.4
-5.6 0.0 -6.4
-5.2 0.0 -6.4
-4.8 0.0 -6.4
-4.4 0.0 -6.4
-4 0.0 -6.4
-3.6 0.0 -6.4
-3.2 0.0 -6.4
-2.8 0.0 -6.4
-2.4 0.0 -6.4
-2 0.0 -6.4
-1.6 0.0 -6.4
-1.2 0.0 -6.4
-0.8 0.0 -6.4
-0.4 0.0 -6.4
0.0 0.0 -6.4
0.4 0.0 -6.4
0.8 0.0 -6.4
1.2 0.0 -6.4
1.6 0.0 -6.4
2 0.0 -6.4
2.4 0.0 -6.4
2.8 0.0 -6.4
3.2 0.0 -6.4
3.6 0.0 -6.4
4 0.0 -6.4
4.4 0.0 -6.4
4.8 0.0 -6.4
5.2 0.0 -6.4
5.6 0.0 -6.4
6 0.0 -6.4
6.4 0.0 -6.4