-12.8 0.0 12.8
-12 0.0 12.8
-11.2 0.0 12.8
-10.4 0.0 12.8
-9.6 0.0 12.8
-8.8 0.0 12.8
-8 0.0 12.8
-7.2 0.0 12.8
-6.4 0.0 12.8
-5.6 0.0 12.8
-4.8 0.0 12.8
-4 0.0 12.8
-3.2 0.0 12.8
-2.4 0.0 12.8
-1.6 0.0 12.8
-0.8 0.0 12.8
0.0 0.0 12.8
0.8 0.0 12.8
1.6 0.0 12.8
2.4 0.0 12.8
3.2 0.0 12.8
4 0.0 12.8
4.8 0.0 12.8
5.6 0.0 12.8
6.4 0.0 12.8
7.2 0.0 12.8
8 0.0 12.8
8.8 0.0 12.8
9.6 0.0 12.8
10.4 0.0 12.8
11.2 0.0 12.8
12 0.0 12.8
12.8 0.0 12.8
-12.8 0.0 12
-12 0.0 12
-11.2 0.0 12
-10.4 0.0 12
-9.6 0.0 12
-8.8 0.0 12
-8 0.0 12
-7.2 0.0 12
-6.4 0.0 12
-5.6 0.0 12
-4.8 0.0 12
-4 0.0 12
-3.2 0.0 12
-2.4 0.0 12
-1.6 0.0 12
-0.8 0.0 12
0.0 0.0 12
0.8 0.0 12
1.6 0.0 12
2.4 0.0 12
3.2 0.0 12
4 0.0 12
4.8 0.0 12
5.6 0.0 12
6.4 0.0 12
7.2 0.0 12
8 0.0 12
8.8 0.0 12
9.6 0.0 12
10.4 0.0 12
11.2 0.0 12
12 0.0 12
12.8 0.0 12
-12.8 0.0 11.2
-12 0.0 11.2
-11.2 0.0 11.2
-10.4 0.0 11.2
-9.6 0.0 11.2
-8.8 0.0 11.2
-8 0.0 11.2
-7.2 0.0 11.2
-6.4 0.0 11.2
-5.6 0.0 11.2
-4.8 0.0 11.2
-4 0.0 11.2
-3.2 0.0 11.2
-2.4 0.0 11.2
-1.6 0.0 11.2
-0.8 0.0 11.2
0.0 0.0 11.2
0.8 0.0 11.2
1.6 0.0 11.2
2.4 0.0 11.2
3.2 0.0 11.2
4 0.0 11.2
4.8 0.0 11.2
5.6 0.0 11.2
6.4 0.0 11.2
7.2 0.0 11.2
8 0.0 11.2
8.8 0.0 11.2
9.6 0.0 11.2
10.4 0.0 11.2
11.2 0.0 11.2
12 0.0 11.2
12.8 0.0 11.2
-12.8 0.0 10.4
-12 0.0 10.4
-11.2 0.0 10.4
-10.4 0.0 10.4
-9.6 0.0 10.4
-8.8 0.0 10.4
-8 0.0 10.4
-7.2 0.0 10.4
-6.4 0.0 10.4
-5.6 0.0 10.4
-4.8 0.0 10.4
-4 0.0 10.4
-3.2 0.0 10.4
-2.4 0.0 10.4
-1.6 0.0 10.4
-0.8 0.0 10.4
0.0 0.0 10.4
0.8 0.0 10.4
1.6 0.0 10.4
2.4 0.0 10.4
3.2 0.0 10.4
4 0.0 10.4
4.8 0.0 10.4
5.6 0.0 10.4
6.4 0.0 10.4
7.2 0.0 10.4
8 0.0 10.4
8.8 0.0 10.4
9.6 0.0 10.4
10.4 0.0 10.4
11.2 0.0 10.4
12 0.0 10.4
12.8 0.0 10.4
-12.8 0.0 9.6
-12 0.0 9.6
-11.2 0.0 9.6
-10.4 0.0 9.6
-9.6 0.0 9.6
-8.8 0.0 9.6
-8 0.0 9.6
-7.2 0.0 9.6
-6.4 0.0 9.6
-5.6 0.0 9.6
-4.8 0.0 9.6
-4 0.0 9.6
-3.2 0.0 9.6
-2.4 0.0 9.6
-1.6 0.0 9.6
-0.8 0.0 9.6
0.0 0.0 9.6
0.8 0.0 9.6
1.6 0.0 9.6
2.4 0.0 9.6
3.2 0.0 9.6
4 0.0 9.6
4.8 0.0 9.6
5.6 0.0 9.6
6.4 0.0 9.6
7.2 0.0 9.6
8 0.0 9.6
8.8 0.0 9.6
9.6 0.0 9.6
10.4 0.0 9.6
11.2 0.0 9.6
12 0.0 9.6
12.8 0.0 9.6
-12.8 0.0 8.8
-12 0.0 8.8
-11.2 0.0 8.8
-10.4 0.0 8.8
-9.6 0.0 8.8
-8.8 0.0 8.8
-8 0.0 8.8
-7.2 0.0 8.8
-6.4 0.0 8.8
-5.6 0.0 8.8
-4.8 0.0 8.8
-4 0.0 8.8
-3.2 0.0 8.8
-2.4 0.0 8.8
-1.6 0.0 8.8
-0.8 0.0 8.8
0.0 0.0 8.8
0.8 0.0 8.8
1.6 0.0 8.8
2.4 0.0 8.8
3.2 0.0 8.8
4 0.0 8.8
4.8 0.0 8.8
5.6 0.0 8.8
6.4 0.0 8.8
7.2 0.0 8.8
8 0.0 8.8
8.8 0.0 8.8
9.6 0.0 8.8
10.4 0.0 8.8
11.2 0.0 8.8
12 0.0 8.8
12.8 0.0 8.8
-12.8 0.0 8
-12 0.0 8
-11.2 0.0 8
-10.4 0.0 8
-9.6 0.0 8
-8.8 0.0 8
-8 0.0 8
-7.2 0.0 8
-6.4 0.0 8
-5.6 0.0 8
-4.8 0.0 8
-4 0.0 8
-3.2 0.0 8
-2.4 0.0 8
-1.6 0.0 8
-0.8 0.0 8
0.0 0.0 8
0.8 0.0 8
1.6 0.0 8
2.4 0.0 8
3.2 0.0 8
4 0.0 8
4.8 0.0 8
5.6 0.0 8
6.4 0.0 8
7.2 0.0 8
8 0.0 8
8.8 0.0 8
9.6 0.0 8
10.4 0.0 8
11.2 0.0 8
12 0.0 8
12.8 0.0 8
-12.8 0.0 7.2
-12 0.0 7.2
-11.2 0.0 7.2
-10.4 0.0 7.2
-9.6 0.0 7.2
-8.8 0.0 7.2
-8 0.0 7.2
-7.2 0.0 7.2
-6.4 0.0 7.2
-5.6 0.0 7.2
-4.8 0.0 7.2
-4 0.0 7.2
-3.2 0.0 7.2
-2.4 0.0 7.2
-1.6 0.0 7.2
-0.8 0.0 7.2
0.0 0.0 7.2
0.8 0.0 7.2
1.6 0.0 7.2
2.4 0.0 7.2
3.2 0.0 7.2
4 0.0 7.2
4.8 0.0 7.2
5.6 0.0 7.2
6.4 0.0 7.2
7.2 0.0 7.2
8 0.0 7.2
8.8 0.0 7.2
9.6 0.0 7.2
10.4 0.0 7.2
11.2 0.0 7.2
12 0.0 7.2
12.8 0.0 7.2
-12.8 0.0 6.4
-12 0.0 6.4
-11.2 0.0 6.4
-10.4 0.0 6.4
-9.6 0.0 6.4
-8.8 0.0 6.4
-8 0.0 6.4
-7.2 0.0 6.4
-6.4 0.0 6.4
-5.6 0.0 6.4
-4.8 0.0 6.4
-4 0.0 6.4
-3.2 0.0 6.4
-2.4 0.0 6.4
-1.6 0.0 6.4
-0.8 0.0 6.4
0.0 0.0 6.4
0.8 0.0 6.4
1.6 0.0 6.4
2.4 0.0 6.4
3.2 0.0 6.4
4 0.0 6.4
4.8 0.0 6.4
5.6 0.0 6.4
6.4 0.0 6.4
7.2 0.0 6.4
8 0.0 6.4
8.8 0.0 6.4
9.6 0.0 6.4
10.4 0.0 6.4
11.2 0.0 6.4
12 0.0 6.4
12.8 0.0 6.4
-12.8 0.0 5.6
-12 0.0 5.6
-11.2 0.0 5.6
-10.4 0.0 5.6
-9.6 0.0 5.6
-8.8 0.0 5.6
-8 0.0 5.6
-7.2 0.0 5.6
-6.4 0.0 5.6
-5.6 0.0 5.6
-4.8 0.0 5.6
-4 0.0 5.6
-3.2 0.0 5.6
-2.4 0.0 5.6
-1.6 0.0 5.6
-0.8 0.0 5.6
0.0 0.0 5.6
0.8 0.0 5.6
1.6 0.0 5.6
2.4 0.0 5.6
3.2 0.0 5.6
4 0.0 5.6
4.8 0.0 5.6
5.6 0.0 5.6
6.4 0.0 5.6
7.2 0.0 5.6
8 0.0 5.6
8.8 0.0 5.6
9.6 0.0 5.6
10.4 0.0 5.6
11.2 0.0 5.6
12 0.0 5.6
12.8 0.0 5.6
-12.8 0.0 4.8
-12 0.0 4.8
-11.2 0.0 4.8
-10.4 0.0 4.8
-9.6 0.0 4.8
-8.8 0.0 4.8
-8 0.0 4.8
-7.2 0.0 4.8
-6.4 0.0 4.8
-5.6 0.0 4.8
-4.8 0.0 4.8
-4 0.0 4.8
-3.2 0.0 4.8
-2.4 0.0 4.8
-1.6 0.0 4.8
-0.8 0.0 4.8
0.0 0.0 4.8
0.8 0.0 4.8
1.6 0.0 4.8
2.4 0.0 4.8
3.2 0.0 4.8
4 0.0 4.8
4.8 0.0 4.8
5.6 0.0 4.8
6.4 0.0 4.8
7.2 0.0 4.8
8 0.0 4.8
8.8 0.0 4.8
9.6 0.0 4.8
10.4 0.0 4.8
11.2 0.0 4.8
12 0.0 4.8
12.8 0.0 4.8
-12.8 0.0 4
-12 0.0 4
-11.2 0.0 4
-10.4 0.0 4
-9.6 0.0 4
-8.8 0.0 4
-8 0.0 4
-7.2 0.0 4
-6.4 0.0 4
-5.6 0.0 4
-4.8 0.0 4
-4 0.0 4
-3.2 0.0 4
-2.4 0.0 4
-1.6 0.0 4
-0.8 0.0 4
0.0 0.0 4
0.8 0.0 4
1.6 0.0 4
2.4 0.0 4
3.2 0.0 4
4 0.0 4
4.8 0.0 4
5.6 0.0 4
6.4 0.0 4
7.2 0.0 4
8 0.0 4
8.8 0.0 4
9.6 0.0 4
10.4 0.0 4
11.2 0.0 4
12 0.0 4
12.8 0.0 4
-12.8 0.0 3.2
-12 0.0 3.2
-11.2 0.0 3.2
-10.4 0.0 3.2
-9.6 0.0 3.2
-8.8 0.0 3.2
-8 0.0 3.2
-7.2 0.0 3.2
-6.4 0.0 3.2
-5.6 0.0 3.2
-4.8 0.0 3.2
-4 0.0 3.2
-3.2 0.0 3.2
-2.4 0.0 3.2
-1.6 0.0 3.2
-0.8 0.0 3.2
0.0 0.0 3.2
0.8 0.0 3.2
1.6 0.0 3.2
2.4 0.0 3.2
3.2 0.0 3.2
4 0.0 3.2
4.8 0.0 3.2
5.6 0.0 3.2
6.4 0.0 3.2
7.2 0.0 3.2
8 0.0 3.2
8.8 0.0 3.2
9.6 0.0 3.2
10.4 0.0 3.2
11.2 0.0 3.2
12 0.0 3.2
12.8 0.0 3.2
-12.8 0.0 2.4
-12 0.0 2.4
-11.2 0.0 2.4
-10.4 0.0 2.4
-9.6 0.0 2.4
-8.8 0.0 2.4
-8 0.0 2.4
-7.2 0.0 2.4
-6.4 0.0 2.4
-5.6 0.0 2.4
-4.8 0.0 2.4
-4 0.0 2.4
-3.2 0.0 2.4
-2.4 0.0 2.4
-1.6 0.0 2.4
-0.8 0.0 2.4
0.0 0.0 2.4
0.8 0.0 2.4
1.6 0.0 2.4
2.4 0.0 2.4
3.2 0.0 2.4
4 0.0 2.4
4.8 0.0 2.4
5.6 0.0 2.4
6.4 0.0 2.4
7.2 0.0 2.4
8 0.0 2.4
8.8 0.0 2.4
9.6 0.0 2.4
10.4 0.0 2.4
11.2 0.0 2.4
12 0.0 2.4
12.8 0.0 2.4
-12.8 0.0 1.6
-12 0.0 1.6
-11.2 0.0 1.6
-10.4 0.0 1.6
-9.6 0.0 1.6
-8.8 0.0 1.6
-8 0.0 1.6
-7.2 0.0 1.6
-6.4 0.0 1.6
-5.6 0.0 1.6
-4.8 0.0 1.6
-4 0.0 1.6
-3.2 0.0 1.6
-2.4 0.0 1.6
-1.6 0.0 1.6
-0.8 0.0 1.6
0.0 0.0 1.6
0.8 0.0 1.6
1.6 0.0 1.6
2.4 0.0 1.6
3.2 0.0 1.6
4 0.0 1.6
4.8 0.0 1.6
5.6 0.0 1.6
6.4 0.0 1.6
7.2 0.0 1.6
8 0.0 1.6
8.8 0.0 1.6
9.6 0.0 1.6
10.4 0.0 1.6
11.2 0.0 1.6
12 0.0 1.6
12.8 0.0 1.6
-12.8 0.0 0.8
-12 0.0 0.8
-11.2 0.0 0.8
-10.4 0.0 0.8
-9.6 0.0 0.8
-8.8 0.0 0.8
-8 0.0 0.8
-7.2 0.0 0.8
-6.4 0.0 0.8
-5.6 0.0 0.8
-4.8 0.0 0.8
-4 0.0 0.8
-3.2 0.0 0.8
-2.4 0.0 0.8
-1.6 0.0 0.8
-0.8 0.0 0.8
0.0 0.0 0.8
0.8 0.0 0.8
1.6 0.0 0.8
2.4 0.0 0.8
3.2 0.0 0.8
4 0.0 0.8
4.8 0.0 0.8
5.6 0.0 0.8
6.4 0.0 0.8
7.2 0.0 0.8
8 0.0 0.8
8.8 0.0 0.8
9.6 0.0 0.8
10.4 0.0 0.8
11.2 0.0 0.8
12 0.0 0.8
12.8 0.0 0.8
-12.8 0.0 -0.0
-12 0.0 -0.0
-11.2 0.0 -0.0
-10.4 0.0 -0.0
-9.6 0.0 -0.0
-8.8 0.0 -0.0
-8 0.0 -0.0
-7.2 0.0 -0.0
-6.4 0.0 -0.0
-5.6 0.0 -0.0
-4.8 0.0 -0.0
-4 0.0 -0.0
-3.2 0.0 -0.0
-2.4 0.0 -0.0
-1.6 0.0 -0.0
-0.8 0.0 -0.0
0.0 0.0 -0.0
0.8 0.0 -0.0
1.6 0.0 -0.0
2.4 0.0 -0.0
3.2 0.0 -0.0
4 0.0 -0.0
4.8 0.0 -0.0
5.6 0.0 -0.0
6.4 0.0 -0.0
7.2 0.0 -0.0
8 0.0 -0.0
8.8 0.0 -0.0
9.6 0.0 -0.0
10.4 0.0 -0.0
11.2 0.0 -0.0
12 0.0 -0.0
12.8 0.0 -0.0
-12.8 0.0 -0.8
-12 0.0 -0.8
-11.2 0.0 -0.8
-10.4 0.0 -0.8
-9.6 0.0 -0.8
-8.8 0.0 -0.8
-8 0.0 -0.8
-7.2 0.0 -0.8
-6.4 0.0 -0.8
-5.6 0.0 -0.8
-4.8 0.0 -0.8
-4 0.0 -0.8
-3.2 0.0 -0.8
-2.4 0.0 -0.8
-1.6 0.0 -0.8
-0.8 0.0 -0.8
0.0 0.0 -0.8
0.8 0.0 -0.8
1.6 0.0 -0.8
2.4 0.0 -0.8
3.2 0.0 -0.8
4 0.0 -0.8
4.8 0.0 -0.8
5.6 0.0 -0.8
6.4 0.0 -0.8
7.2 0.0 -0.8
8 0.0 -0.8
8.8 0.0 -0.8
9.6 0.0 -0.8
10.4 0.0 -0.8
11.2 0.0 -0.8
12 0.0 -0.8
12.8 0.0 -0.8
-12.8 0.0 -1.6
-12 0.0 -1.6
-11.2 0.0 -1.6
-10.4 0.0 -1.6
-9.6 0.0 -1.6
-8.8 0.0 -1.6
-8 0.0 -1.6
-7.2 0.0 -1.6
-6.4 0.0 -1.6
-5.6 0.0 -1.6
-4.8 0.0 -1.6
-4 0.0 -1.6
-3.2 0.0 -1.6
-2.4 0.0 -1.6
-1.6 0.0 -1.6
-0.8 0.0 -1.6
0.0 0.0 -1.6
0.8 0.0 -1.6
1.6 0.0 -1.6
2.4 0.0 -1.6
3.2 0.0 -1.6
4 0.0 -1.6
4.8 0.0 -1.6
5.6 0.0 -1.6
6.4 0.0 -1.6
7.2 0.0 -1.6
8 0.0 -1.6
8.8 0.0 -1.6
9.6 0.0 -1.6
10.4 0.0 -1.6
11.2 0.0 -1.6
12 0.0 -1.6
12.8 0.0 -1.6
-12.8 0.0 -2.4
-12 0.0 -2.4
-11.2 0.0 -2.4
-10.4 0.0 -2.4
-9.6 0.0 -2.4
-8.8 0.0 -2.4
-8 0.0 -2.4
-7.2 0.0 -2.4
-6.4 0.0 -2.4
-5.6 0.0 -2.4
-4.8 0.0 -2.4
-4 0.0 -2.4
-3.2 0.0 -2.4
-2.4 0.0 -2.4
-1.6 0.0 -2.4
-0.8 0.0 -2.4
0.0 0.0 -2.4
0.8 0.0 -2.4
1.6 0.0 -2.4
2.4 0.0 -2.4
3.2 0.0 -2.4
4 0.0 -2.4
4.8 0.0 -2.4
5.6 0.0 -2.4
6.4 0.0 -2.4
7.2 0.0 -2.4
8 0.0 -2.4
8.8 0.0 -2.4
9.6 0.0 -2.4
10.4 0.0 -2.4
11.2 0.0 -2.4
12 0.0 -2.4
12.8 0.0 -2.4
-12.8 0.0 -3.2
-12 0.0 -3.2
-11.2 0.0 -3.2
-10.4 0.0 -3.2
-9.6 0.0 -3.2
-8.8 0.0 -3.2
-8 0.0 -3.2
-7.2 0.0 -3.2
-6.4 0.0 -3.2
-5.6 0.0 -3.2
-4.8 0.0 -3.2
-4 0.0 -3.2
-3.2 0.0 -3.2
-2.4 0.0 -3.2
-1.6 0.0 -3.2
-0.8 0.0 -3.2
0.0 0.0 -3.2
0.8 0.0 -3.2
1.6 0.0 -3.2
2.4 0.0 -3.2
3.2 0.0 -3.2
4 0.0 -3.2
4.8 0.0 -3.2
5.6 0.0 -3.2
6.4 0.0 -3.2
7.2 0.0 -3.2
8 0.0 -3.2
8.8 0.0 -3.2
9.6 0.0 -3.2
10.4 0.0 -3.2
11.2 0.0 -3.2
12 0.0 -3.2
12.8 0.0 -3.2
-12.8 0.0 -4
-12 0.0 -4
-11.2 0.0 -4
-10.4 0.0 -4
-9.6 0.0 -4
-8.8 0.0 -4
-8 0.0 -4
-7.2 0.0 -4
-6.4 0.0 -4
-5.6 0.0 -4
-4.8 0.0 -4
-4 0.0 -4
-3.2 0.0 -4
-2.4 0.0 -4
-1.6 0.0 -4
-0.8 0.0 -4
0.0 0.0 -4
0.8 0.0 -4
1.6 0.0 -4
2.4 0.0 -4
3.2 0.0 -4
4 0.0 -4
4.8 0.0 -4
5.6 0.0 -4
6.4 0.0 -4
7.2 0.0 -4
8 0.0 -4
8.8 0.0 -4
9.6 0.0 -4
10.4 0.0 -4
11.2 0.0 -4
12 0.0 -4
12.8 0.0 -4
-12.8 0.0 -4.8
-12 0.0 -4.8
-11.2 0.0 -4.8
-10.4 0.0 -4.8
-9.6 0.0 -4.8
-8.8 0.0 -4.8
-8 0.0 -4.8
-7.2 0.0 -4.8
-6.4 0.0 -4.8
-5.6 0.0 -4.8
-4.8 0.0 -4.8
-4 0.0 -4.8
-3.2 0.0 -4.8
-2.4 0.0 -4.8
-1.6 0.0 -4.8
-0.8 0.0 -4.8
0.0 0.0 -4.8
0.8 0.0 -4.8
1.6 0.0 -4.8
2.4 0.0 -4.8
3.2 0.0 -4.8
4 0.0 -4.8
4.8 0.0 -4.8
5.6 0.0 -4.8
6.4 0.0 -4.8
7.2 0.0 -4.8
8 0.0 -4.8
8.8 0.0 -4.8
9.6 0.0 -4.8
10.4 0.0 -4.8
11.2 0.0 -4.8
12 0.0 -4.8
12.8 0.0 -4.8
-12.8 0.0 -5.6
-12 0.0 -5.6
-11.2 0.0 -5.6
-10.4 0.0 -5.6
-9.6 0.0 -5.6
-8.8 0.0 -5.6
-8 0.0 -5.6
-7.2 0.0 -5.6
-6.4 0.0 -5.6
-5.6 0.0 -5.6
-4.8 0.0 -5.6
-4 0.0 -5.6
-3.2 0.0 -5.6
-2.4 0.0 -5.6
-1.6 0.0 -5.6
-0.8 0.0 -5.6
0.0 0.0 -5.6
0.8 0.0 -5.6
1.6 0.0 -5.6
2.4 0.0 -5.6
3.2 0.0 -5.6
4 0.0 -5.6
4.8 0.0 -5.6
5.6 0.0 -5.6
6.4 0.0 -5.6
7.2 0.0 -5.6
8 0.0 -5.6
8.8 0.0 -5.6
9.6 0.0 -5.6
10.4 0.0 -5.6
11.2 0.0 -5.6
12 0.0 -5.6
12.8 0.0 -5.6
-12.8 0.0 -6.4
-12 0.0 -6.4
-11.2 0.0 -6.4
-10.4 0.0 -6.4
-9.6 0.0 -6.4
-8.8 0.0 -6.4
-8 0.0 -6.4
-7.2 0.0 -6.4
-6.4 0.0 -6.4
-5.6 0.0 -6.4
-4.8 0.0 -6.4
-4 0.0 -6.4
-3.2 0.0 -6.4
-2.4 0.0 -6.4
-1.6 0.0 -6.4
-0.8 0.0 -6.4
0.0 0.0 -6.4
0.8 0.0 -6.4
1.6 0.0 -6.4
2.4 0.0 -6.4
3.2 0.0 -6.4
4 0.0 -6.4
4.8 0.0 -6.4
5.6 0.0 -6.4
6.4 0.0 -6.4
7.2 0.0 -6.4
8 0.0 -6.4
8.8 0.0 -6.4
9.6 0.0 -6.4
10.4 0.0 -6.4
11.2 0.0 -6.4
12 0.0 -6.4
12.8 0.0 -6.4
-12.8 0.0 -7.2
-12 0.0 -7.2
-11.2 0.0 -7.2
-10.4 0.0 -7.2
-9.6 0.0 -7.2
-8.8 0.0 -7.2
-8 0.0 -7.2
-7.2 0.0 -7.2
-6.4 0.0 -7.2
-5.6 0.0 -7.2
-4.8 0.0 -7.2
-4 0.0 -7.2
-3.2 0.0 -7.2
-2.4 0.0 -7.2
-1.6 0.0 -7.2
-0.8 0.0 -7.2
0.0 0.0 -7.2
0.8 0.0 -7.2
1.6 0.0 -7.2
2.4 0.0 -7.2
3.2 0.0 -7.2
4 0.0 -7.2
4.8 0.0 -7.2
5.6 0.0 -7.2
6.4 0.0 -7.2
7.2 0.0 -7.2
8 0.0 -7.2
8.8 0.0 -7.2
9.6 0.0 -7.2
10.4 0.0 -7.2
11.2 0.0 -7.2
12 0.0 -7.2
12.8 0.0 -7.2
-12.8 0.0 -8
-12 0.0 -8
-11.2 0.0 -8
-10.4 0.0 -8
-9.6 0.0 -8
-8.8 0.0 -8
-8 0.0 -8
-7.2 0.0 -8
-6.4 0.0 -8
-5.6 0.0 -8
-4.8 0.0 -8
-4 0.0 -8
-3.2 0.0 -8
-2.4 0.0 -8
-1.6 0.0 -8
-0.8 0.0 -8
0.0 0.0 -8
0.8 0.0 -8
1.6 0.0 -8
2.4 0.0 -8
3.2 0.0 -8
4 0.0 -8
4.8 0.0 -8
5.6 0.0 -8
6.4 0.0 -8
7.2 0.0 -8
8 0.0 -8
8.8 0.0 -8
9.6 0.0 -8
10.4 0.0 -8
11.2 0.0 -8
12 0.0 -8
12.8 0.0 -8
-12.8 0.0 -8.8
-12 0.0 -8.8
-11.2 0.0 -8.8
-10.4 0.0 -8.8
-9.6 0.0 -8.8
-8.8 0.0 -8.8
-8 0.0 -8.8
-7.2 0.0 -8.8
-6.4 0.0 -8.8
-5.6 0.0 -8.8
-4.8 0.0 -8.8
-4 0.0 -8.8
-3.2 0.0 -8.8
-2.4 0.0 -8.8
-1.6 0.0 -8.8
-0.8 0.0 -8.8
0.0 0.0 -8.8
0.8 0.0 -8.8
1.6 0.0 -8.8
2.4 0.0 -8.8
3.2 0.0 -8.8
4 0.0 -8.8
4.8 0.0 -8.8
5.6 0.0 -8.8
6.4 0.0 -8.8
7.2 0.0 -8.8
8 0.0 -8.8
8.8 0.0 -8.8
9.6 0.0 -8.8
10.4 0.0 -8.8
11.2 0.0 -8.8
12 0.0 -8.8
12.8 0.0 -8.8
-12.8 0.0 -9.6
-12 0.0 -9.6
-11.2 0.0 -9.6
-10.4 0.0 -9.6
-9.6 0.0 -9.6
-8.8 0.0 -9.6
-8 0.0 -9.6
-7.2 0.0 -9.6
-6.4 0.0 -9.6
-5.6 0.0 -9.6
-4.8 0.0 -9.6
-4 0.0 -9.6
-3.2 0.0 -9.6
-2.4 0.0 -9.6
-1.6 0.0 -9.6
-0.8 0.0 -9.6
0.0 0.0 -9.6
0.8 0.0 -9.6
1.6 0.0 -9.6
2.4 0.0 -9.6
3.2 0.0 -9.6
4 0.0 -9.6
4.8 0.0 -9.6
5.6 0.0 -9.6
6.4 0.0 -9.6
7.2 0.0 -9.6
8 0.0 -9.6
8.8 0.0 -9.6
9.6 0.0 -9.6
10.4 0.0 -9.6
11.2 0.0 -9.6
12 0.0 -9.6
12.8 0.0 -9.6
-12.8 0.0 -10.4
-12 0.0 -10.4
-11.2 0.0 -10.4
-10.4 0.0 -10.4
-9.6 0.0 -10.4
-8.8 0.0 -10.4
-8 0.0 -10.4
-7.2 0.0 -10.4
-6.4 0.0 -10.4
-5.6 0.0 -10.4
-4.8 0.0 -10.4
-4 0.0 -10.4
-3.2 0.0 -10.4
-2.4 0.0 -10.4
-1.6 0.0 -10.4
-0.8 0.0 -10.4
0.0 0.0 -10.4
0.8 0.0 -10.4
1.6 0.0 -10.4
2.4 0.0 -10.4
3.2 0.0 -10.4
4 0.0 -10.4
4.8 0.0 -10.4
5.6 0.0 -10.4
6.4 0.0 -10.4
7.2 0.0 -10.4
8 0.0 -10.4
8.8 0.0 -10.4
9.6 0.0 -10.4
10.4 0.0 -10.4
11.2 0.0 -10.4
12 0.0 -10.4
12.8 0.0 -10.4
-12.8 0.0 -11.2
-12 0.0 -11.2
-11.2 0.0 -11.2
-10.4 0.0 -11.2
-9.6 0.0 -11.2
-8.8 0.0 -11.2
-8 0.0 -11.2
-7.2 0.0 -11.2
-6.4 0.0 -11.2
-5.6 0.0 -11.2
-4.8 0.0 -11.2
-4 0.0 -11.2
-3.2 0.0 -11.2
-2.4 0.0 -11.2
-1.6 0.0 -11.2
-0.8 0.0 -11.2
0.0 0.0 -11.2
0.8 0.0 -11.2
1.6 0.0 -11.2
2.4 0.0 -11.2
3.2 0.0 -11.2
4 0.0 -11.2
4.8 0.0 -11.2
5.6 0.0 -11.2
6.4 0.0 -11.2
7.2 0.0 -11.2
8 0.0 -11.2
8.8 0.0 -11.2
9.6 0.0 -11.2
10.4 0.0 -11.2
11.2 0.0 -11.2
12 0.0 -11.2
12.8 0.0 -11.2
-12.8 0.0 -12
-12 0.0 -12
-11.2 0.0 -12
-10.4 0.0 -12
-9.6 0.0 -12
-8.8 0.0 -12
-8 0.0 -12
-7.2 0.0 -12
-6.4 0.0 -12
-5.6 0.0 -12
-4.8 0.0 -12
-4 0.0 -12
-3.2 0.0 -12
-2.4 0.0 -12
-1.6 0.0 -12
-0.8 0.0 -12
0.0 0.0 -12
0.8 0.0 -12
1.6 0.0 -12
2.4 0.0 -12
3.2 0.0 -12
4 0.0 -12
4.8 0.0 -12
5.6 0.0 -12
6.4 0.0 -12
7.2 0.0 -12
8 0.0 -12
8.8 0.0 -12
9.6 0.0 -12
10.4 0.0 -12
11.2 0.0 -12
12 0.0 -12
12.8 0.0 -12
-12.8 0.0 -12.8
-12 0.0 -12.8
-11.2 0.0 -12.8
-10.4 0.0 -12.8
-9.6 0.0 -12.8
-8.8 0.0 -12.8
-8 0.0 -12.8
-7.2 0.0 -12.8
-6.4 0.0 -12.8
-5.6 0.0 -12.8
-4.8 0.0 -12.8
-4 0.0 -12.8
-3.2 0.0 -12.8
-2.4 0.0 -12.8
-1.6 0.0 -12.8
-0.8 0.0 -12.8
0.0 0.0 -12.8
0.8 0.0 -12.8
1.6 0.0 -12.8
2.4 0.0 -12.8
3.2 0.0 -12.8
4 0.0 -12.8
4.8 0.0 -12.8
5.6 0.0 -12.8
6.4 0.0 -12.8
7.2 0.0 -12.8
8 0.0 -12.8
8.8 0.0 -12.8
9.6 0.0 -12.8
10.4 0.0 -12.8
11.2 0.0 -12.8
12 0.0 -12.8
12.8 0.0 -12.8