-204.8 0.0 204.8
-192 0.0 204.8
-179.2 0.0 204.8
-166.4 0.0 204.8
-153.6 0.0 204.8
-140.8 0.0 204.8
-128 0.0 204.8
-115.2 0.0 204.8
-102.4 0.0 204.8
-89.6 0.0 204.8
-76.8 0.0 204.8
-64 0.0 204.8
-51.2 0.0 204.8
-38.4 0.0 204.8
-25.6 0.0 204.8
-12.8 0.0 204.8
0.0 0.0 204.8
12.8 0.0 204.8
25.6 0.0 204.8
38.4 0.0 204.8
51.2 0.0 204.8
64 0.0 204.8
76.8 0.0 204.8
89.6 0.0 204.8
102.4 0.0 204.8
115.2 0.0 204.8
128 0.0 204.8
140.8 0.0 204.8
153.6 0.0 204.8
166.4 0.0 204.8
179.2 0.0 204.8
192 0.0 204.8
204.8 0.0 204.8
-204.8 0.0 192
-192 0.0 192
-179.2 0.0 192
-166.4 0.0 192
-153.6 0.0 192
-140.8 0.0 192
-128 0.0 192
-115.2 0.0 192
-102.4 0.0 192
-89.6 0.0 192
-76.8 0.0 192
-64 0.0 192
-51.2 0.0 192
-38.4 0.0 192
-25.6 0.0 192
-12.8 0.0 192
0.0 0.0 192
12.8 0.0 192
25.6 0.0 192
38.4 0.0 192
51.2 0.0 192
64 0.0 192
76.8 0.0 192
89.6 0.0 192
102.4 0.0 192
115.2 0.0 192
128 0.0 192
140.8 0.0 192
153.6 0.0 192
166.4 0.0 192
179.2 0.0 192
192 0.0 192
204.8 0.0 192
-204.8 0.0 179.2
-192 0.0 179.2
-179.2 0.0 179.2
-166.4 0.0 179.2
-153.6 0.0 179.2
-140.8 0.0 179.2
-128 0.0 179.2
-115.2 0.0 179.2
-102.4 0.0 179.2
-89.6 0.0 179.2
-76.8 0.0 179.2
-64 0.0 179.2
-51.2 0.0 179.2
-38.4 0.0 179.2
-25.6 0.0 179.2
-12.8 0.0 179.2
0.0 0.0 179.2
12.8 0.0 179.2
25.6 0.0 179.2
38.4 0.0 179.2
51.2 0.0 179.2
64 0.0 179.2
76.8 0.0 179.2
89.6 0.0 179.2
102.4 0.0 179.2
115.2 0.0 179.2
128 0.0 179.2
140.8 0.0 179.2
153.6 0.0 179.2
166.4 0.0 179.2
179.2 0.0 179.2
192 0.0 179.2
204.8 0.0 179.2
-204.8 0.0 166.4
-192 0.0 166.4
-179.2 0.0 166.4
-166.4 0.0 166.4
-153.6 0.0 166.4
-140.8 0.0 166.4
-128 0.0 166.4
-115.2 0.0 166.4
-102.4 0.0 166.4
-89.6 0.0 166.4
-76.8 0.0 166.4
-64 0.0 166.4
-51.2 0.0 166.4
-38.4 0.0 166.4
-25.6 0.0 166.4
-12.8 0.0 166.4
0.0 0.0 166.4
12.8 0.0 166.4
25.6 0.0 166.4
38.4 0.0 166.4
51.2 0.0 166.4
64 0.0 166.4
76.8 0.0 166.4
89.6 0.0 166.4
102.4 0.0 166.4
115.2 0.0 166.4
128 0.0 166.4
140.8 0.0 166.4
153.6 0.0 166.4
166.4 0.0 166.4
179.2 0.0 166.4
192 0.0 166.4
204.8 0.0 166.4
-204.8 0.0 153.6
-192 0.0 153.6
-179.2 0.0 153.6
-166.4 0.0 153.6
-153.6 0.0 153.6
-140.8 0.0 153.6
-128 0.0 153.6
-115.2 0.0 153.6
-102.4 0.0 153.6
-89.6 0.0 153.6
-76.8 0.0 153.6
-64 0.0 153.6
-51.2 0.0 153.6
-38.4 0.0 153.6
-25.6 0.0 153.6
-12.8 0.0 153.6
0.0 0.0 153.6
12.8 0.0 153.6
25.6 0.0 153.6
38.4 0.0 153.6
51.2 0.0 153.6
64 0.0 153.6
76.8 0.0 153.6
89.6 0.0 153.6
102.4 0.0 153.6
115.2 0.0 153.6
128 0.0 153.6
140.8 0.0 153.6
153.6 0.0 153.6
166.4 0.0 153.6
179.2 0.0 153.6
192 0.0 153.6
204.8 0.0 153.6
-204.8 0.0 140.8
-192 0.0 140.8
-179.2 0.0 140.8
-166.4 0.0 140.8
-153.6 0.0 140.8
-140.8 0.0 140.8
-128 0.0 140.8
-115.2 0.0 140.8
-102.4 0.0 140.8
-89.6 0.0 140.8
-76.8 0.0 140.8
-64 0.0 140.8
-51.2 0.0 140.8
-38.4 0.0 140.8
-25.6 0.0 140.8
-12.8 0.0 140.8
0.0 0.0 140.8
12.8 0.0 140.8
25.6 0.0 140.8
38.4 0.0 140.8
51.2 0.0 140.8
64 0.0 140.8
76.8 0.0 140.8
89.6 0.0 140.8
102.4 0.0 140.8
115.2 0.0 140.8
128 0.0 140.8
140.8 0.0 140.8
153.6 0.0 140.8
166.4 0.0 140.8
179.2 0.0 140.8
192 0.0 140.8
204.8 0.0 140.8
-204.8 0.0 128
-192 0.0 128
-179.2 0.0 128
-166.4 0.0 128
-153.6 0.0 128
-140.8 0.0 128
-128 0.0 128
-115.2 0.0 128
-102.4 0.0 128
-89.6 0.0 128
-76.8 0.0 128
-64 0.0 128
-51.2 0.0 128
-38.4 0.0 128
-25.6 0.0 128
-12.8 0.0 128
0.0 0.0 128
12.8 0.0 128
25.6 0.0 128
38.4 0.0 128
51.2 0.0 128
64 0.0 128
76.8 0.0 128
89.6 0.0 128
102.4 0.0 128
115.2 0.0 128
128 0.0 128
140.8 0.0 128
153.6 0.0 128
166.4 0.0 128
179.2 0.0 128
192 0.0 128
204.8 0.0 128
-204.8 0.0 115.2
-192 0.0 115.2
-179.2 0.0 115.2
-166.4 0.0 115.2
-153.6 0.0 115.2
-140.8 0.0 115.2
-128 0.0 115.2
-115.2 0.0 115.2
-102.4 0.0 115.2
-89.6 0.0 115.2
-76.8 0.0 115.2
-64 0.0 115.2
-51.2 0.0 115.2
-38.4 0.0 115.2
-25.6 0.0 115.2
-12.8 0.0 115.2
0.0 0.0 115.2
12.8 0.0 115.2
25.6 0.0 115.2
38.4 0.0 115.2
51.2 0.0 115.2
64 0.0 115.2
76.8 0.0 115.2
89.6 0.0 115.2
102.4 0.0 115.2
115.2 0.0 115.2
128 0.0 115.2
140.8 0.0 115.2
153.6 0.0 115.2
166.4 0.0 115.2
179.2 0.0 115.2
192 0.0 115.2
204.8 0.0 115.2
-204.8 0.0 102.4
-192 0.0 102.4
-179.2 0.0 102.4
-166.4 0.0 102.4
-153.6 0.0 102.4
-140.8 0.0 102.4
-128 0.0 102.4
-115.2 0.0 102.4
-102.4 0.0 102.4
-89.6 0.0 102.4
-76.8 0.0 102.4
-64 0.0 102.4
-51.2 0.0 102.4
-38.4 0.0 102.4
-25.6 0.0 102.4
-12.8 0.0 102.4
0.0 0.0 102.4
12.8 0.0 102.4
25.6 0.0 102.4
38.4 0.0 102.4
51.2 0.0 102.4
64 0.0 102.4
76.8 0.0 102.4
89.6 0.0 102.4
102.4 0.0 102.4
115.2 0.0 102.4
128 0.0 102.4
140.8 0.0 102.4
153.6 0.0 102.4
166.4 0.0 102.4
179.2 0.0 102.4
192 0.0 102.4
204.8 0.0 102.4
-204.8 0.0 89.6
-192 0.0 89.6
-179.2 0.0 89.6
-166.4 0.0 89.6
-153.6 0.0 89.6
-140.8 0.0 89.6
-128 0.0 89.6
-115.2 0.0 89.6
-102.4 0.0 89.6
-89.6 0.0 89.6
-76.8 0.0 89.6
-64 0.0 89.6
-51.2 0.0 89.6
-38.4 0.0 89.6
-25.6 0.0 89.6
-12.8 0.0 89.6
0.0 0.0 89.6
12.8 0.0 89.6
25.6 0.0 89.6
38.4 0.0 89.6
51.2 0.0 89.6
64 0.0 89.6
76.8 0.0 89.6
89.6 0.0 89.6
102.4 0.0 89.6
115.2 0.0 89.6
128 0.0 89.6
140.8 0.0 89.6
153.6 0.0 89.6
166.4 0.0 89.6
179.2 0.0 89.6
192 0.0 89.6
204.8 0.0 89.6
-204.8 0.0 76.8
-192 0.0 76.8
-179.2 0.0 76.8
-166.4 0.0 76.8
-153.6 0.0 76.8
-140.8 0.0 76.8
-128 0.0 76.8
-115.2 0.0 76.8
-102.4 0.0 76.8
-89.6 0.0 76.8
-76.8 0.0 76.8
-64 0.0 76.8
-51.2 0.0 76.8
-38.4 0.0 76.8
-25.6 0.0 76.8
-12.8 0.0 76.8
0.0 0.0 76.8
12.8 0.0 76.8
25.6 0.0 76.8
38.4 0.0 76.8
51.2 0.0 76.8
64 0.0 76.8
76.8 0.0 76.8
89.6 0.0 76.8
102.4 0.0 76.8
115.2 0.0 76.8
128 0.0 76.8
140.8 0.0 76.8
153.6 0.0 76.8
166.4 0.0 76.8
179.2 0.0 76.8
192 0.0 76.8
204.8 0.0 76.8
-204.8 0.0 64
-192 0.0 64
-179.2 0.0 64
-166.4 0.0 64
-153.6 0.0 64
-140.8 0.0 64
-128 0.0 64
-115.2 0.0 64
-102.4 0.0 64
-89.6 0.0 64
-76.8 0.0 64
-64 0.0 64
-51.2 0.0 64
-38.4 0.0 64
-25.6 0.0 64
-12.8 0.0 64
0.0 0.0 64
12.8 0.0 64
25.6 0.0 64
38.4 0.0 64
51.2 0.0 64
64 0.0 64
76.8 0.0 64
89.6 0.0 64
102.4 0.0 64
115.2 0.0 64
128 0.0 64
140.8 0.0 64
153.6 0.0 64
166.4 0.0 64
179.2 0.0 64
192 0.0 64
204.8 0.0 64
-204.8 0.0 51.2
-192 0.0 51.2
-179.2 0.0 51.2
-166.4 0.0 51.2
-153.6 0.0 51.2
-140.8 0.0 51.2
-128 0.0 51.2
-115.2 0.0 51.2
-102.4 0.0 51.2
-89.6 0.0 51.2
-76.8 0.0 51.2
-64 0.0 51.2
-51.2 0.0 51.2
-38.4 0.0 51.2
-25.6 0.0 51.2
-12.8 0.0 51.2
0.0 0.0 51.2
12.8 0.0 51.2
25.6 0.0 51.2
38.4 0.0 51.2
51.2 0.0 51.2
64 0.0 51.2
76.8 0.0 51.2
89.6 0.0 51.2
102.4 0.0 51.2
115.2 0.0 51.2
128 0.0 51.2
140.8 0.0 51.2
153.6 0.0 51.2
166.4 0.0 51.2
179.2 0.0 51.2
192 0.0 51.2
204.8 0.0 51.2
-204.8 0.0 38.4
-192 0.0 38.4
-179.2 0.0 38.4
-166.4 0.0 38.4
-153.6 0.0 38.4
-140.8 0.0 38.4
-128 0.0 38.4
-115.2 0.0 38.4
-102.4 0.0 38.4
-89.6 0.0 38.4
-76.8 0.0 38.4
-64 0.0 38.4
-51.2 0.0 38.4
-38.4 0.0 38.4
-25.6 0.0 38.4
-12.8 0.0 38.4
0.0 0.0 38.4
12.8 0.0 38.4
25.6 0.0 38.4
38.4 0.0 38.4
51.2 0.0 38.4
64 0.0 38.4
76.8 0.0 38.4
89.6 0.0 38.4
102.4 0.0 38.4
115.2 0.0 38.4
128 0.0 38.4
140.8 0.0 38.4
153.6 0.0 38.4
166.4 0.0 38.4
179.2 0.0 38.4
192 0.0 38.4
204.8 0.0 38.4
-204.8 0.0 25.6
-192 0.0 25.6
-179.2 0.0 25.6
-166.4 0.0 25.6
-153.6 0.0 25.6
-140.8 0.0 25.6
-128 0.0 25.6
-115.2 0.0 25.6
-102.4 0.0 25.6
-89.6 0.0 25.6
-76.8 0.0 25.6
-64 0.0 25.6
-51.2 0.0 25.6
-38.4 0.0 25.6
-25.6 0.0 25.6
-12.8 0.0 25.6
0.0 0.0 25.6
12.8 0.0 25.6
25.6 0.0 25.6
38.4 0.0 25.6
51.2 0.0 25.6
64 0.0 25.6
76.8 0.0 25.6
89.6 0.0 25.6
102.4 0.0 25.6
115.2 0.0 25.6
128 0.0 25.6
140.8 0.0 25.6
153.6 0.0 25.6
166.4 0.0 25.6
179.2 0.0 25.6
192 0.0 25.6
204.8 0.0 25.6
-204.8 0.0 12.8
-192 0.0 12.8
-179.2 0.0 12.8
-166.4 0.0 12.8
-153.6 0.0 12.8
-140.8 0.0 12.8
-128 0.0 12.8
-115.2 0.0 12.8
-102.4 0.0 12.8
-89.6 0.0 12.8
-76.8 0.0 12.8
-64 0.0 12.8
-51.2 0.0 12.8
-38.4 0.0 12.8
-25.6 0.0 12.8
-12.8 0.0 12.8
0.0 0.0 12.8
12.8 0.0 12.8
25.6 0.0 12.8
38.4 0.0 12.8
51.2 0.0 12.8
64 0.0 12.8
76.8 0.0 12.8
89.6 0.0 12.8
102.4 0.0 12.8
115.2 0.0 12.8
128 0.0 12.8
140.8 0.0 12.8
153.6 0.0 12.8
166.4 0.0 12.8
179.2 0.0 12.8
192 0.0 12.8
204.8 0.0 12.8
-204.8 0.0 -0.0
-192 0.0 -0.0
-179.2 0.0 -0.0
-166.4 0.0 -0.0
-153.6 0.0 -0.0
-140.8 0.0 -0.0
-128 0.0 -0.0
-115.2 0.0 -0.0
-102.4 0.0 -0.0
-89.6 0.0 -0.0
-76.8 0.0 -0.0
-64 0.0 -0.0
-51.2 0.0 -0.0
-38.4 0.0 -0.0
-25.6 0.0 -0.0
-12.8 0.0 -0.0
0.0 0.0 -0.0
12.8 0.0 -0.0
25.6 0.0 -0.0
38.4 0.0 -0.0
51.2 0.0 -0.0
64 0.0 -0.0
76.8 0.0 -0.0
89.6 0.0 -0.0
102.4 0.0 -0.0
115.2 0.0 -0.0
128 0.0 -0.0
140.8 0.0 -0.0
153.6 0.0 -0.0
166.4 0.0 -0.0
179.2 0.0 -0.0
192 0.0 -0.0
204.8 0.0 -0.0
-204.8 0.0 -12.8
-192 0.0 -12.8
-179.2 0.0 -12.8
-166.4 0.0 -12.8
-153.6 0.0 -12.8
-140.8 0.0 -12.8
-128 0.0 -12.8
-115.2 0.0 -12.8
-102.4 0.0 -12.8
-89.6 0.0 -12.8
-76.8 0.0 -12.8
-64 0.0 -12.8
-51.2 0.0 -12.8
-38.4 0.0 -12.8
-25.6 0.0 -12.8
-12.8 0.0 -12.8
0.0 0.0 -12.8
12.8 0.0 -12.8
25.6 0.0 -12.8
38.4 0.0 -12.8
51.2 0.0 -12.8
64 0.0 -12.8
76.8 0.0 -12.8
89.6 0.0 -12.8
102.4 0.0 -12.8
115.2 0.0 -12.8
128 0.0 -12.8
140.8 0.0 -12.8
153.6 0.0 -12.8
166.4 0.0 -12.8
179.2 0.0 -12.8
192 0.0 -12.8
204.8 0.0 -12.8
-204.8 0.0 -25.6
-192 0.0 -25.6
-179.2 0.0 -25.6
-166.4 0.0 -25.6
-153.6 0.0 -25.6
-140.8 0.0 -25.6
-128 0.0 -25.6
-115.2 0.0 -25.6
-102.4 0.0 -25.6
-89.6 0.0 -25.6
-76.8 0.0 -25.6
-64 0.0 -25.6
-51.2 0.0 -25.6
-38.4 0.0 -25.6
-25.6 0.0 -25.6
-12.8 0.0 -25.6
0.0 0.0 -25.6
12.8 0.0 -25.6
25.6 0.0 -25.6
38.4 0.0 -25.6
51.2 0.0 -25.6
64 0.0 -25.6
76.8 0.0 -25.6
89.6 0.0 -25.6
102.4 0.0 -25.6
115.2 0.0 -25.6
128 0.0 -25.6
140.8 0.0 -25.6
153.6 0.0 -25.6
166.4 0.0 -25.6
179.2 0.0 -25.6
192 0.0 -25.6
204.8 0.0 -25.6
-204.8 0.0 -38.4
-192 0.0 -38.4
-179.2 0.0 -38.4
-166.4 0.0 -38.4
-153.6 0.0 -38.4
-140.8 0.0 -38.4
-128 0.0 -38.4
-115.2 0.0 -38.4
-102.4 0.0 -38.4
-89.6 0.0 -38.4
-76.8 0.0 -38.4
-64 0.0 -38.4
-51.2 0.0 -38.4
-38.4 0.0 -38.4
-25.6 0.0 -38.4
-12.8 0.0 -38.4
0.0 0.0 -38.4
12.8 0.0 -38.4
25.6 0.0 -38.4
38.4 0.0 -38.4
51.2 0.0 -38.4
64 0.0 -38.4
76.8 0.0 -38.4
89.6 0.0 -38.4
102.4 0.0 -38.4
115.2 0.0 -38.4
128 0.0 -38.4
140.8 0.0 -38.4
153.6 0.0 -38.4
166.4 0.0 -38.4
179.2 0.0 -38.4
192 0.0 -38.4
204.8 0.0 -38.4
-204.8 0.0 -51.2
-192 0.0 -51.2
-179.2 0.0 -51.2
-166.4 0.0 -51.2
-153.6 0.0 -51.2
-140.8 0.0 -51.2
-128 0.0 -51.2
-115.2 0.0 -51.2
-102.4 0.0 -51.2
-89.6 0.0 -51.2
-76.8 0.0 -51.2
-64 0.0 -51.2
-51.2 0.0 -51.2
-38.4 0.0 -51.2
-25.6 0.0 -51.2
-12.8 0.0 -51.2
0.0 0.0 -51.2
12.8 0.0 -51.2
25.6 0.0 -51.2
38.4 0.0 -51.2
51.2 0.0 -51.2
64 0.0 -51.2
76.8 0.0 -51.2
89.6 0.0 -51.2
102.4 0.0 -51.2
115.2 0.0 -51.2
128 0.0 -51.2
140.8 0.0 -51.2
153.6 0.0 -51.2
166.4 0.0 -51.2
179.2 0.0 -51.2
192 0.0 -51.2
204.8 0.0 -51.2
-204.8 0.0 -64
-192 0.0 -64
-179.2 0.0 -64
-166.4 0.0 -64
-153.6 0.0 -64
-140.8 0.0 -64
-128 0.0 -64
-115.2 0.0 -64
-102.4 0.0 -64
-89.6 0.0 -64
-76.8 0.0 -64
-64 0.0 -64
-51.2 0.0 -64
-38.4 0.0 -64
-25.6 0.0 -64
-12.8 0.0 -64
0.0 0.0 -64
12.8 0.0 -64
25.6 0.0 -64
38.4 0.0 -64
51.2 0.0 -64
64 0.0 -64
76.8 0.0 -64
89.6 0.0 -64
102.4 0.0 -64
115.2 0.0 -64
128 0.0 -64
140.8 0.0 -64
153.6 0.0 -64
166.4 0.0 -64
179.2 0.0 -64
192 0.0 -64
204.8 0.0 -64
-204.8 0.0 -76.8
-192 0.0 -76.8
-179.2 0.0 -76.8
-166.4 0.0 -76.8
-153.6 0.0 -76.8
-140.8 0.0 -76.8
-128 0.0 -76.8
-115.2 0.0 -76.8
-102.4 0.0 -76.8
-89.6 0.0 -76.8
-76.8 0.0 -76.8
-64 0.0 -76.8
-51.2 0.0 -76.8
-38.4 0.0 -76.8
-25.6 0.0 -76.8
-12.8 0.0 -76.8
0.0 0.0 -76.8
12.8 0.0 -76.8
25.6 0.0 -76.8
38.4 0.0 -76.8
51.2 0.0 -76.8
64 0.0 -76.8
76.8 0.0 -76.8
89.6 0.0 -76.8
102.4 0.0 -76.8
115.2 0.0 -76.8
128 0.0 -76.8
140.8 0.0 -76.8
153.6 0.0 -76.8
166.4 0.0 -76.8
179.2 0.0 -76.8
192 0.0 -76.8
204.8 0.0 -76.8
-204.8 0.0 -89.6
-192 0.0 -89.6
-179.2 0.0 -89.6
-166.4 0.0 -89.6
-153.6 0.0 -89.6
-140.8 0.0 -89.6
-128 0.0 -89.6
-115.2 0.0 -89.6
-102.4 0.0 -89.6
-89.6 0.0 -89.6
-76.8 0.0 -89.6
-64 0.0 -89.6
-51.2 0.0 -89.6
-38.4 0.0 -89.6
-25.6 0.0 -89.6
-12.8 0.0 -89.6
0.0 0.0 -89.6
12.8 0.0 -89.6
25.6 0.0 -89.6
38.4 0.0 -89.6
51.2 0.0 -89.6
64 0.0 -89.6
76.8 0.0 -89.6
89.6 0.0 -89.6
102.4 0.0 -89.6
115.2 0.0 -89.6
128 0.0 -89.6
140.8 0.0 -89.6
153.6 0.0 -89.6
166.4 0.0 -89.6
179.2 0.0 -89.6
192 0.0 -89.6
204.8 0.0 -89.6
-204.8 0.0 -102.4
-192 0.0 -102.4
-179.2 0.0 -102.4
-166.4 0.0 -102.4
-153.6 0.0 -102.4
-140.8 0.0 -102.4
-128 0.0 -102.4
-115.2 0.0 -102.4
-102.4 0.0 -102.4
-89.6 0.0 -102.4
-76.8 0.0 -102.4
-64 0.0 -102.4
-51.2 0.0 -102.4
-38.4 0.0 -102.4
-25.6 0.0 -102.4
-12.8 0.0 -102.4
0.0 0.0 -102.4
12.8 0.0 -102.4
25.6 0.0 -102.4
38.4 0.0 -102.4
51.2 0.0 -102.4
64 0.0 -102.4
76.8 0.0 -102.4
89.6 0.0 -102.4
102.4 0.0 -102.4
115.2 0.0 -102.4
128 0.0 -102.4
140.8 0.0 -102.4
153.6 0.0 -102.4
166.4 0.0 -102.4
179.2 0.0 -102.4
192 0.0 -102.4
204.8 0.0 -102.4
-204.8 0.0 -115.2
-192 0.0 -115.2
-179.2 0.0 -115.2
-166.4 0.0 -115.2
-153.6 0.0 -115.2
-140.8 0.0 -115.2
-128 0.0 -115.2
-115.2 0.0 -115.2
-102.4 0.0 -115.2
-89.6 0.0 -115.2
-76.8 0.0 -115.2
-64 0.0 -115.2
-51.2 0.0 -115.2
-38.4 0.0 -115.2
-25.6 0.0 -115.2
-12.8 0.0 -115.2
0.0 0.0 -115.2
12.8 0.0 -115.2
25.6 0.0 -115.2
38.4 0.0 -115.2
51.2 0.0 -115.2
64 0.0 -115.2
76.8 0.0 -115.2
89.6 0.0 -115.2
102.4 0.0 -115.2
115.2 0.0 -115.2
128 0.0 -115.2
140.8 0.0 -115.2
153.6 0.0 -115.2
166.4 0.0 -115.2
179.2 0.0 -115.2
192 0.0 -115.2
204.8 0.0 -115.2
-204.8 0.0 -128
-192 0.0 -128
-179.2 0.0 -128
-166.4 0.0 -128
-153.6 0.0 -128
-140.8 0.0 -128
-128 0.0 -128
-115.2 0.0 -128
-102.4 0.0 -128
-89.6 0.0 -128
-76.8 0.0 -128
-64 0.0 -128
-51.2 0.0 -128
-38.4 0.0 -128
-25.6 0.0 -128
-12.8 0.0 -128
0.0 0.0 -128
12.8 0.0 -128
25.6 0.0 -128
38.4 0.0 -128
51.2 0.0 -128
64 0.0 -128
76.8 0.0 -128
89.6 0.0 -128
102.4 0.0 -128
115.2 0.0 -128
128 0.0 -128
140.8 0.0 -128
153.6 0.0 -128
166.4 0.0 -128
179.2 0.0 -128
192 0.0 -128
204.8 0.0 -128
-204.8 0.0 -140.8
-192 0.0 -140.8
-179.2 0.0 -140.8
-166.4 0.0 -140.8
-153.6 0.0 -140.8
-140.8 0.0 -140.8
-128 0.0 -140.8
-115.2 0.0 -140.8
-102.4 0.0 -140.8
-89.6 0.0 -140.8
-76.8 0.0 -140.8
-64 0.0 -140.8
-51.2 0.0 -140.8
-38.4 0.0 -140.8
-25.6 0.0 -140.8
-12.8 0.0 -140.8
0.0 0.0 -140.8
12.8 0.0 -140.8
25.6 0.0 -140.8
38.4 0.0 -140.8
51.2 0.0 -140.8
64 0.0 -140.8
76.8 0.0 -140.8
89.6 0.0 -140.8
102.4 0.0 -140.8
115.2 0.0 -140.8
128 0.0 -140.8
140.8 0.0 -140.8
153.6 0.0 -140.8
166.4 0.0 -140.8
179.2 0.0 -140.8
192 0.0 -140.8
204.8 0.0 -140.8
-204.8 0.0 -153.6
-192 0.0 -153.6
-179.2 0.0 -153.6
-166.4 0.0 -153.6
-153.6 0.0 -153.6
-140.8 0.0 -153.6
-128 0.0 -153.6
-115.2 0.0 -153.6
-102.4 0.0 -153.6
-89.6 0.0 -153.6
-76.8 0.0 -153.6
-64 0.0 -153.6
-51.2 0.0 -153.6
-38.4 0.0 -153.6
-25.6 0.0 -153.6
-12.8 0.0 -153.6
0.0 0.0 -153.6
12.8 0.0 -153.6
25.6 0.0 -153.6
38.4 0.0 -153.6
51.2 0.0 -153.6
64 0.0 -153.6
76.8 0.0 -153.6
89.6 0.0 -153.6
102.4 0.0 -153.6
115.2 0.0 -153.6
128 0.0 -153.6
140.8 0.0 -153.6
153.6 0.0 -153.6
166.4 0.0 -153.6
179.2 0.0 -153.6
192 0.0 -153.6
204.8 0.0 -153.6
-204.8 0.0 -166.4
-192 0.0 -166.4
-179.2 0.0 -166.4
-166.4 0.0 -166.4
-153.6 0.0 -166.4
-140.8 0.0 -166.4
-128 0.0 -166.4
-115.2 0.0 -166.4
-102.4 0.0 -166.4
-89.6 0.0 -166.4
-76.8 0.0 -166.4
-64 0.0 -166.4
-51.2 0.0 -166.4
-38.4 0.0 -166.4
-25.6 0.0 -166.4
-12.8 0.0 -166.4
0.0 0.0 -166.4
12.8 0.0 -166.4
25.6 0.0 -166.4
38.4 0.0 -166.4
51.2 0.0 -166.4
64 0.0 -166.4
76.8 0.0 -166.4
89.6 0.0 -166.4
102.4 0.0 -166.4
115.2 0.0 -166.4
128 0.0 -166.4
140.8 0.0 -166.4
153.6 0.0 -166.4
166.4 0.0 -166.4
179.2 0.0 -166.4
192 0.0 -166.4
204.8 0.0 -166.4
-204.8 0.0 -179.2
-192 0.0 -179.2
-179.2 0.0 -179.2
-166.4 0.0 -179.2
-153.6 0.0 -179.2
-140.8 0.0 -179.2
-128 0.0 -179.2
-115.2 0.0 -179.2
-102.4 0.0 -179.2
-89.6 0.0 -179.2
-76.8 0.0 -179.2
-64 0.0 -179.2
-51.2 0.0 -179.2
-38.4 0.0 -179.2
-25.6 0.0 -179.2
-12.8 0.0 -179.2
0.0 0.0 -179.2
12.8 0.0 -179.2
25.6 0.0 -179.2
38.4 0.0 -179.2
51.2 0.0 -179.2
64 0.0 -179.2
76.8 0.0 -179.2
89.6 0.0 -179.2
102.4 0.0 -179.2
115.2 0.0 -179.2
128 0.0 -179.2
140.8 0.0 -179.2
153.6 0.0 -179.2
166.4 0.0 -179.2
179.2 0.0 -179.2
192 0.0 -179.2
204.8 0.0 -179.2
-204.8 0.0 -192
-192 0.0 -192
-179.2 0.0 -192
-166.4 0.0 -192
-153.6 0.0 -192
-140.8 0.0 -192
-128 0.0 -192
-115.2 0.0 -192
-102.4 0.0 -192
-89.6 0.0 -192
-76.8 0.0 -192
-64 0.0 -192
-51.2 0.0 -192
-38.4 0.0 -192
-25.6 0.0 -192
-12.8 0.0 -192
0.0 0.0 -192
12.8 0.0 -192
25.6 0.0 -192
38.4 0.0 -192
51.2 0.0 -192
64 0.0 -192
76.8 0.0 -192
89.6 0.0 -192
102.4 0.0 -192
115.2 0.0 -192
128 0.0 -192
140.8 0.0 -192
153.6 0.0 -192
166.4 0.0 -192
179.2 0.0 -192
192 0.0 -192
204.8 0.0 -192
-204.8 0.0 -204.8
-192 0.0 -204.8
-179.2 0.0 -204.8
-166.4 0.0 -204.8
-153.6 0.0 -204.8
-140.8 0.0 -204.8
-128 0.0 -204.8
-115.2 0.0 -204.8
-102.4 0.0 -204.8
-89.6 0.0 -204.8
-76.8 0.0 -204.8
-64 0.0 -204.8
-51.2 0.0 -204.8
-38.4 0.0 -204.8
-25.6 0.0 -204.8
-12.8 0.0 -204.8
0.0 0.0 -204.8
12.8 0.0 -204.8
25.6 0.0 -204.8
38.4 0.0 -204.8
51.2 0.0 -204.8
64 0.0 -204.8
76.8 0.0 -204.8
89.6 0.0 -204.8
102.4 0.0 -204.8
115.2 0.0 -204.8
128 0.0 -204.8
140.8 0.0 -204.8
153.6 0.0 -204.8
166.4 0.0 -204.8
179.2 0.0 -204.8
192 0.0 -204.8
204.8 0.0 -204.8
