-25.6 0.0 25.6
-24 0.0 25.6
-22.4 0.0 25.6
-20.8 0.0 25.6
-19.2 0.0 25.6
-17.6 0.0 25.6
-16 0.0 25.6
-14.4 0.0 25.6
-12.8 0.0 25.6
-11.2 0.0 25.6
-9.6 0.0 25.6
-8 0.0 25.6
-6.4 0.0 25.6
-4.8 0.0 25.6
-3.2 0.0 25.6
-1.6 0.0 25.6
0.0 0.0 25.6
1.6 0.0 25.6
3.2 0.0 25.6
4.8 0.0 25.6
6.4 0.0 25.6
8 0.0 25.6
9.6 0.0 25.6
11.2 0.0 25.6
12.8 0.0 25.6
14.4 0.0 25.6
16 0.0 25.6
17.6 0.0 25.6
19.2 0.0 25.6
20.8 0.0 25.6
22.4 0.0 25.6
24 0.0 25.6
25.6 0.0 25.6
-25.6 0.0 24
-24 0.0 24
-22.4 0.0 24
-20.8 0.0 24
-19.2 0.0 24
-17.6 0.0 24
-16 0.0 24
-14.4 0.0 24
-12.8 0.0 24
-11.2 0.0 24
-9.6 0.0 24
-8 0.0 24
-6.4 0.0 24
-4.8 0.0 24
-3.2 0.0 24
-1.6 0.0 24
0.0 0.0 24
1.6 0.0 24
3.2 0.0 24
4.8 0.0 24
6.4 0.0 24
8 0.0 24
9.6 0.0 24
11.2 0.0 24
12.8 0.0 24
14.4 0.0 24
16 0.0 24
17.6 0.0 24
19.2 0.0 24
20.8 0.0 24
22.4 0.0 24
24 0.0 24
25.6 0.0 24
-25.6 0.0 22.4
-24 0.0 22.4
-22.4 0.0 22.4
-20.8 0.0 22.4
-19.2 0.0 22.4
-17.6 0.0 22.4
-16 0.0 22.4
-14.4 0.0 22.4
-12.8 0.0 22.4
-11.2 0.0 22.4
-9.6 0.0 22.4
-8 0.0 22.4
-6.4 0.0 22.4
-4.8 0.0 22.4
-3.2 0.0 22.4
-1.6 0.0 22.4
0.0 0.0 22.4
1.6 0.0 22.4
3.2 0.0 22.4
4.8 0.0 22.4
6.4 0.0 22.4
8 0.0 22.4
9.6 0.0 22.4
11.2 0.0 22.4
12.8 0.0 22.4
14.4 0.0 22.4
16 0.0 22.4
17.6 0.0 22.4
19.2 0.0 22.4
20.8 0.0 22.4
22.4 0.0 22.4
24 0.0 22.4
25.6 0.0 22.4
-25.6 0.0 20.8
-24 0.0 20.8
-22.4 0.0 20.8
-20.8 0.0 20.8
-19.2 0.0 20.8
-17.6 0.0 20.8
-16 0.0 20.8
-14.4 0.0 20.8
-12.8 0.0 20.8
-11.2 0.0 20.8
-9.6 0.0 20.8
-8 0.0 20.8
-6.4 0.0 20.8
-4.8 0.0 20.8
-3.2 0.0 20.8
-1.6 0.0 20.8
0.0 0.0 20.8
1.6 0.0 20.8
3.2 0.0 20.8
4.8 0.0 20.8
6.4 0.0 20.8
8 0.0 20.8
9.6 0.0 20.8
11.2 0.0 20.8
12.8 0.0 20.8
14.4 0.0 20.8
16 0.0 20.8
17.6 0.0 20.8
19.2 0.0 20.8
20.8 0.0 20.8
22.4 0.0 20.8
24 0.0 20.8
25.6 0.0 20.8
-25.6 0.0 19.2
-24 0.0 19.2
-22.4 0.0 19.2
-20.8 0.0 19.2
-19.2 0.0 19.2
-17.6 0.0 19.2
-16 0.0 19.2
-14.4 0.0 19.2
-12.8 0.0 19.2
-11.2 0.0 19.2
-9.6 0.0 19.2
-8 0.0 19.2
-6.4 0.0 19.2
-4.8 0.0 19.2
-3.2 0.0 19.2
-1.6 0.0 19.2
0.0 0.0 19.2
1.6 0.0 19.2
3.2 0.0 19.2
4.8 0.0 19.2
6.4 0.0 19.2
8 0.0 19.2
9.6 0.0 19.2
11.2 0.0 19.2
12.8 0.0 19.2
14.4 0.0 19.2
16 0.0 19.2
17.6 0.0 19.2
19.2 0.0 19.2
20.8 0.0 19.2
22.4 0.0 19.2
24 0.0 19.2
25.6 0.0 19.2
-25.6 0.0 17.6
-24 0.0 17.6
-22.4 0.0 17.6
-20.8 0.0 17.6
-19.2 0.0 17.6
-17.6 0.0 17.6
-16 0.0 17.6
-14.4 0.0 17.6
-12.8 0.0 17.6
-11.2 0.0 17.6
-9.6 0.0 17.6
-8 0.0 17.6
-6.4 0.0 17.6
-4.8 0.0 17.6
-3.2 0.0 17.6
-1.6 0.0 17.6
0.0 0.0 17.6
1.6 0.0 17.6
3.2 0.0 17.6
4.8 0.0 17.6
6.4 0.0 17.6
8 0.0 17.6
9.6 0.0 17.6
11.2 0.0 17.6
12.8 0.0 17.6
14.4 0.0 17.6
16 0.0 17.6
17.6 0.0 17.6
19.2 0.0 17.6
20.8 0.0 17.6
22.4 0.0 17.6
24 0.0 17.6
25.6 0.0 17.6
-25.6 0.0 16
-24 0.0 16
-22.4 0.0 16
-20.8 0.0 16
-19.2 0.0 16
-17.6 0.0 16
-16 0.0 16
-14.4 0.0 16
-12.8 0.0 16
-11.2 0.0 16
-9.6 0.0 16
-8 0.0 16
-6.4 0.0 16
-4.8 0.0 16
-3.2 0.0 16
-1.6 0.0 16
0.0 0.0 16
1.6 0.0 16
3.2 0.0 16
4.8 0.0 16
6.4 0.0 16
8 0.0 16
9.6 0.0 16
11.2 0.0 16
12.8 0.0 16
14.4 0.0 16
16 0.0 16
17.6 0.0 16
19.2 0.0 16
20.8 0.0 16
22.4 0.0 16
24 0.0 16
25.6 0.0 16
-25.6 0.0 14.4
-24 0.0 14.4
-22.4 0.0 14.4
-20.8 0.0 14.4
-19.2 0.0 14.4
-17.6 0.0 14.4
-16 0.0 14.4
-14.4 0.0 14.4
-12.8 0.0 14.4
-11.2 0.0 14.4
-9.6 0.0 14.4
-8 0.0 14.4
-6.4 0.0 14.4
-4.8 0.0 14.4
-3.2 0.0 14.4
-1.6 0.0 14.4
0.0 0.0 14.4
1.6 0.0 14.4
3.2 0.0 14.4
4.8 0.0 14.4
6.4 0.0 14.4
8 0.0 14.4
9.6 0.0 14.4
11.2 0.0 14.4
12.8 0.0 14.4
14.4 0.0 14.4
16 0.0 14.4
17.6 0.0 14.4
19.2 0.0 14.4
20.8 0.0 14.4
22.4 0.0 14.4
24 0.0 14.4
25.6 0.0 14.4
-25.6 0.0 12.8
-24 0.0 12.8
-22.4 0.0 12.8
-20.8 0.0 12.8
-19.2 0.0 12.8
-17.6 0.0 12.8
-16 0.0 12.8
-14.4 0.0 12.8
-12.8 0.0 12.8
-11.2 0.0 12.8
-9.6 0.0 12.8
-8 0.0 12.8
-6.4 0.0 12.8
-4.8 0.0 12.8
-3.2 0.0 12.8
-1.6 0.0 12.8
0.0 0.0 12.8
1.6 0.0 12.8
3.2 0.0 12.8
4.8 0.0 12.8
6.4 0.0 12.8
8 0.0 12.8
9.6 0.0 12.8
11.2 0.0 12.8
12.8 0.0 12.8
14.4 0.0 12.8
16 0.0 12.8
17.6 0.0 12.8
19.2 0.0 12.8
20.8 0.0 12.8
22.4 0.0 12.8
24 0.0 12.8
25.6 0.0 12.8
-25.6 0.0 11.2
-24 0.0 11.2
-22.4 0.0 11.2
-20.8 0.0 11.2
-19.2 0.0 11.2
-17.6 0.0 11.2
-16 0.0 11.2
-14.4 0.0 11.2
-12.8 0.0 11.2
-11.2 0.0 11.2
-9.6 0.0 11.2
-8 0.0 11.2
-6.4 0.0 11.2
-4.8 0.0 11.2
-3.2 0.0 11.2
-1.6 0.0 11.2
0.0 0.0 11.2
1.6 0.0 11.2
3.2 0.0 11.2
4.8 0.0 11.2
6.4 0.0 11.2
8 0.0 11.2
9.6 0.0 11.2
11.2 0.0 11.2
12.8 0.0 11.2
14.4 0.0 11.2
16 0.0 11.2
17.6 0.0 11.2
19.2 0.0 11.2
20.8 0.0 11.2
22.4 0.0 11.2
24 0.0 11.2
25.6 0.0 11.2
-25.6 0.0 9.6
-24 0.0 9.6
-22.4 0.0 9.6
-20.8 0.0 9.6
-19.2 0.0 9.6
-17.6 0.0 9.6
-16 0.0 9.6
-14.4 0.0 9.6
-12.8 0.0 9.6
-11.2 0.0 9.6
-9.6 0.0 9.6
-8 0.0 9.6
-6.4 0.0 9.6
-4.8 0.0 9.6
-3.2 0.0 9.6
-1.6 0.0 9.6
0.0 0.0 9.6
1.6 0.0 9.6
3.2 0.0 9.6
4.8 0.0 9.6
6.4 0.0 9.6
8 0.0 9.6
9.6 0.0 9.6
11.2 0.0 9.6
12.8 0.0 9.6
14.4 0.0 9.6
16 0.0 9.6
17.6 0.0 9.6
19.2 0.0 9.6
20.8 0.0 9.6
22.4 0.0 9.6
24 0.0 9.6
25.6 0.0 9.6
-25.6 0.0 8
-24 0.0 8
-22.4 0.0 8
-20.8 0.0 8
-19.2 0.0 8
-17.6 0.0 8
-16 0.0 8
-14.4 0.0 8
-12.8 0.0 8
-11.2 0.0 8
-9.6 0.0 8
-8 0.0 8
-6.4 0.0 8
-4.8 0.0 8
-3.2 0.0 8
-1.6 0.0 8
0.0 0.0 8
1.6 0.0 8
3.2 0.0 8
4.8 0.0 8
6.4 0.0 8
8 0.0 8
9.6 0.0 8
11.2 0.0 8
12.8 0.0 8
14.4 0.0 8
16 0.0 8
17.6 0.0 8
19.2 0.0 8
20.8 0.0 8
22.4 0.0 8
24 0.0 8
25.6 0.0 8
-25.6 0.0 6.4
-24 0.0 6.4
-22.4 0.0 6.4
-20.8 0.0 6.4
-19.2 0.0 6.4
-17.6 0.0 6.4
-16 0.0 6.4
-14.4 0.0 6.4
-12.8 0.0 6.4
-11.2 0.0 6.4
-9.6 0.0 6.4
-8 0.0 6.4
-6.4 0.0 6.4
-4.8 0.0 6.4
-3.2 0.0 6.4
-1.6 0.0 6.4
0.0 0.0 6.4
1.6 0.0 6.4
3.2 0.0 6.4
4.8 0.0 6.4
6.4 0.0 6.4
8 0.0 6.4
9.6 0.0 6.4
11.2 0.0 6.4
12.8 0.0 6.4
14.4 0.0 6.4
16 0.0 6.4
17.6 0.0 6.4
19.2 0.0 6.4
20.8 0.0 6.4
22.4 0.0 6.4
24 0.0 6.4
25.6 0.0 6.4
-25.6 0.0 4.8
-24 0.0 4.8
-22.4 0.0 4.8
-20.8 0.0 4.8
-19.2 0.0 4.8
-17.6 0.0 4.8
-16 0.0 4.8
-14.4 0.0 4.8
-12.8 0.0 4.8
-11.2 0.0 4.8
-9.6 0.0 4.8
-8 0.0 4.8
-6.4 0.0 4.8
-4.8 0.0 4.8
-3.2 0.0 4.8
-1.6 0.0 4.8
0.0 0.0 4.8
1.6 0.0 4.8
3.2 0.0 4.8
4.8 0.0 4.8
6.4 0.0 4.8
8 0.0 4.8
9.6 0.0 4.8
11.2 0.0 4.8
12.8 0.0 4.8
14.4 0.0 4.8
16 0.0 4.8
17.6 0.0 4.8
19.2 0.0 4.8
20.8 0.0 4.8
22.4 0.0 4.8
24 0.0 4.8
25.6 0.0 4.8
-25.6 0.0 3.2
-24 0.0 3.2
-22.4 0.0 3.2
-20.8 0.0 3.2
-19.2 0.0 3.2
-17.6 0.0 3.2
-16 0.0 3.2
-14.4 0.0 3.2
-12.8 0.0 3.2
-11.2 0.0 3.2
-9.6 0.0 3.2
-8 0.0 3.2
-6.4 0.0 3.2
-4.8 0.0 3.2
-3.2 0.0 3.2
-1.6 0.0 3.2
0.0 0.0 3.2
1.6 0.0 3.2
3.2 0.0 3.2
4.8 0.0 3.2
6.4 0.0 3.2
8 0.0 3.2
9.6 0.0 3.2
11.2 0.0 3.2
12.8 0.0 3.2
14.4 0.0 3.2
16 0.0 3.2
17.6 0.0 3.2
19.2 0.0 3.2
20.8 0.0 3.2
22.4 0.0 3.2
24 0.0 3.2
25.6 0.0 3.2
-25.6 0.0 1.6
-24 0.0 1.6
-22.4 0.0 1.6
-20.8 0.0 1.6
-19.2 0.0 1.6
-17.6 0.0 1.6
-16 0.0 1.6
-14.4 0.0 1.6
-12.8 0.0 1.6
-11.2 0.0 1.6
-9.6 0.0 1.6
-8 0.0 1.6
-6.4 0.0 1.6
-4.8 0.0 1.6
-3.2 0.0 1.6
-1.6 0.0 1.6
0.0 0.0 1.6
1.6 0.0 1.6
3.2 0.0 1.6
4.8 0.0 1.6
6.4 0.0 1.6
8 0.0 1.6
9.6 0.0 1.6
11.2 0.0 1.6
12.8 0.0 1.6
14.4 0.0 1.6
16 0.0 1.6
17.6 0.0 1.6
19.2 0.0 1.6
20.8 0.0 1.6
22.4 0.0 1.6
24 0.0 1.6
25.6 0.0 1.6
-25.6 0.0 -0.0
-24 0.0 -0.0
-22.4 0.0 -0.0
-20.8 0.0 -0.0
-19.2 0.0 -0.0
-17.6 0.0 -0.0
-16 0.0 -0.0
-14.4 0.0 -0.0
-12.8 0.0 -0.0
-11.2 0.0 -0.0
-9.6 0.0 -0.0
-8 0.0 -0.0
-6.4 0.0 -0.0
-4.8 0.0 -0.0
-3.2 0.0 -0.0
-1.6 0.0 -0.0
0.0 0.0 -0.0
1.6 0.0 -0.0
3.2 0.0 -0.0
4.8 0.0 -0.0
6.4 0.0 -0.0
8 0.0 -0.0
9.6 0.0 -0.0
11.2 0.0 -0.0
12.8 0.0 -0.0
14.4 0.0 -0.0
16 0.0 -0.0
17.6 0.0 -0.0
19.2 0.0 -0.0
20.8 0.0 -0.0
22.4 0.0 -0.0
24 0.0 -0.0
25.6 0.0 -0.0
-25.6 0.0 -1.6
-24 0.0 -1.6
-22.4 0.0 -1.6
-20.8 0.0 -1.6
-19.2 0.0 -1.6
-17.6 0.0 -1.6
-16 0.0 -1.6
-14.4 0.0 -1.6
-12.8 0.0 -1.6
-11.2 0.0 -1.6
-9.6 0.0 -1.6
-8 0.0 -1.6
-6.4 0.0 -1.6
-4.8 0.0 -1.6
-3.2 0.0 -1.6
-1.6 0.0 -1.6
0.0 0.0 -1.6
1.6 0.0 -1.6
3.2 0.0 -1.6
4.8 0.0 -1.6
6.4 0.0 -1.6
8 0.0 -1.6
9.6 0.0 -1.6
11.2 0.0 -1.6
12.8 0.0 -1.6
14.4 0.0 -1.6
16 0.0 -1.6
17.6 0.0 -1.6
19.2 0.0 -1.6
20.8 0.0 -1.6
22.4 0.0 -1.6
24 0.0 -1.6
25.6 0.0 -1.6
-25.6 0.0 -3.2
-24 0.0 -3.2
-22.4 0.0 -3.2
-20.8 0.0 -3.2
-19.2 0.0 -3.2
-17.6 0.0 -3.2
-16 0.0 -3.2
-14.4 0.0 -3.2
-12.8 0.0 -3.2
-11.2 0.0 -3.2
-9.6 0.0 -3.2
-8 0.0 -3.2
-6.4 0.0 -3.2
-4.8 0.0 -3.2
-3.2 0.0 -3.2
-1.6 0.0 -3.2
0.0 0.0 -3.2
1.6 0.0 -3.2
3.2 0.0 -3.2
4.8 0.0 -3.2
6.4 0.0 -3.2
8 0.0 -3.2
9.6 0.0 -3.2
11.2 0.0 -3.2
12.8 0.0 -3.2
14.4 0.0 -3.2
16 0.0 -3.2
17.6 0.0 -3.2
19.2 0.0 -3.2
20.8 0.0 -3.2
22.4 0.0 -3.2
24 0.0 -3.2
25.6 0.0 -3.2
-25.6 0.0 -4.8
-24 0.0 -4.8
-22.4 0.0 -4.8
-20.8 0.0 -4.8
-19.2 0.0 -4.8
-17.6 0.0 -4.8
-16 0.0 -4.8
-14.4 0.0 -4.8
-12.8 0.0 -4.8
-11.2 0.0 -4.8
-9.6 0.0 -4.8
-8 0.0 -4.8
-6.4 0.0 -4.8
-4.8 0.0 -4.8
-3.2 0.0 -4.8
-1.6 0.0 -4.8
0.0 0.0 -4.8
1.6 0.0 -4.8
3.2 0.0 -4.8
4.8 0.0 -4.8
6.4 0.0 -4.8
8 0.0 -4.8
9.6 0.0 -4.8
11.2 0.0 -4.8
12.8 0.0 -4.8
14.4 0.0 -4.8
16 0.0 -4.8
17.6 0.0 -4.8
19.2 0.0 -4.8
20.8 0.0 -4.8
22.4 0.0 -4.8
24 0.0 -4.8
25.6 0.0 -4.8
-25.6 0.0 -6.4
-24 0.0 -6.4
-22.4 0.0 -6.4
-20.8 0.0 -6.4
-19.2 0.0 -6.4
-17.6 0.0 -6.4
-16 0.0 -6.4
-14.4 0.0 -6.4
-12.8 0.0 -6.4
-11.2 0.0 -6.4
-9.6 0.0 -6.4
-8 0.0 -6.4
-6.4 0.0 -6.4
-4.8 0.0 -6.4
-3.2 0.0 -6.4
-1.6 0.0 -6.4
0.0 0.0 -6.4
1.6 0.0 -6.4
3.2 0.0 -6.4
4.8 0.0 -6.4
6.4 0.0 -6.4
8 0.0 -6.4
9.6 0.0 -6.4
11.2 0.0 -6.4
12.8 0.0 -6.4
14.4 0.0 -6.4
16 0.0 -6.4
17.6 0.0 -6.4
19.2 0.0 -6.4
20.8 0.0 -6.4
22.4 0.0 -6.4
24 0.0 -6.4
25.6 0.0 -6.4
-25.6 0.0 -8
-24 0.0 -8
-22.4 0.0 -8
-20.8 0.0 -8
-19.2 0.0 -8
-17.6 0.0 -8
-16 0.0 -8
-14.4 0.0 -8
-12.8 0.0 -8
-11.2 0.0 -8
-9.6 0.0 -8
-8 0.0 -8
-6.4 0.0 -8
-4.8 0.0 -8
-3.2 0.0 -8
-1.6 0.0 -8
0.0 0.0 -8
1.6 0.0 -8
3.2 0.0 -8
4.8 0.0 -8
6.4 0.0 -8
8 0.0 -8
9.6 0.0 -8
11.2 0.0 -8
12.8 0.0 -8
14.4 0.0 -8
16 0.0 -8
17.6 0.0 -8
19.2 0.0 -8
20.8 0.0 -8
22.4 0.0 -8
24 0.0 -8
25.6 0.0 -8
-25.6 0.0 -9.6
-24 0.0 -9.6
-22.4 0.0 -9.6
-20.8 0.0 -9.6
-19.2 0.0 -9.6
-17.6 0.0 -9.6
-16 0.0 -9.6
-14.4 0.0 -9.6
-12.8 0.0 -9.6
-11.2 0.0 -9.6
-9.6 0.0 -9.6
-8 0.0 -9.6
-6.4 0.0 -9.6
-4.8 0.0 -9.6
-3.2 0.0 -9.6
-1.6 0.0 -9.6
0.0 0.0 -9.6
1.6 0.0 -9.6
3.2 0.0 -9.6
4.8 0.0 -9.6
6.4 0.0 -9.6
8 0.0 -9.6
9.6 0.0 -9.6
11.2 0.0 -9.6
12.8 0.0 -9.6
14.4 0.0 -9.6
16 0.0 -9.6
17.6 0.0 -9.6
19.2 0.0 -9.6
20.8 0.0 -9.6
22.4 0.0 -9.6
24 0.0 -9.6
25.6 0.0 -9.6
-25.6 0.0 -11.2
-24 0.0 -11.2
-22.4 0.0 -11.2
-20.8 0.0 -11.2
-19.2 0.0 -11.2
-17.6 0.0 -11.2
-16 0.0 -11.2
-14.4 0.0 -11.2
-12.8 0.0 -11.2
-11.2 0.0 -11.2
-9.6 0.0 -11.2
-8 0.0 -11.2
-6.4 0.0 -11.2
-4.8 0.0 -11.2
-3.2 0.0 -11.2
-1.6 0.0 -11.2
0.0 0.0 -11.2
1.6 0.0 -11.2
3.2 0.0 -11.2
4.8 0.0 -11.2
6.4 0.0 -11.2
8 0.0 -11.2
9.6 0.0 -11.2
11.2 0.0 -11.2
12.8 0.0 -11.2
14.4 0.0 -11.2
16 0.0 -11.2
17.6 0.0 -11.2
19.2 0.0 -11.2
20.8 0.0 -11.2
22.4 0.0 -11.2
24 0.0 -11.2
25.6 0.0 -11.2
-25.6 0.0 -12.8
-24 0.0 -12.8
-22.4 0.0 -12.8
-20.8 0.0 -12.8
-19.2 0.0 -12.8
-17.6 0.0 -12.8
-16 0.0 -12.8
-14.4 0.0 -12.8
-12.8 0.0 -12.8
-11.2 0.0 -12.8
-9.6 0.0 -12.8
-8 0.0 -12.8
-6.4 0.0 -12.8
-4.8 0.0 -12.8
-3.2 0.0 -12.8
-1.6 0.0 -12.8
0.0 0.0 -12.8
1.6 0.0 -12.8
3.2 0.0 -12.8
4.8 0.0 -12.8
6.4 0.0 -12.8
8 0.0 -12.8
9.6 0.0 -12.8
11.2 0.0 -12.8
12.8 0.0 -12.8
14.4 0.0 -12.8
16 0.0 -12.8
17.6 0.0 -12.8
19.2 0.0 -12.8
20.8 0.0 -12.8
22.4 0.0 -12.8
24 0.0 -12.8
25.6 0.0 -12.8
-25.6 0.0 -14.4
-24 0.0 -14.4
-22.4 0.0 -14.4
-20.8 0.0 -14.4
-19.2 0.0 -14.4
-17.6 0.0 -14.4
-16 0.0 -14.4
-14.4 0.0 -14.4
-12.8 0.0 -14.4
-11.2 0.0 -14.4
-9.6 0.0 -14.4
-8 0.0 -14.4
-6.4 0.0 -14.4
-4.8 0.0 -14.4
-3.2 0.0 -14.4
-1.6 0.0 -14.4
0.0 0.0 -14.4
1.6 0.0 -14.4
3.2 0.0 -14.4
4.8 0.0 -14.4
6.4 0.0 -14.4
8 0.0 -14.4
9.6 0.0 -14.4
11.2 0.0 -14.4
12.8 0.0 -14.4
14.4 0.0 -14.4
16 0.0 -14.4
17.6 0.0 -14.4
19.2 0.0 -14.4
20.8 0.0 -14.4
22.4 0.0 -14.4
24 0.0 -14.4
25.6 0.0 -14.4
-25.6 0.0 -16
-24 0.0 -16
-22.4 0.0 -16
-20.8 0.0 -16
-19.2 0.0 -16
-17.6 0.0 -16
-16 0.0 -16
-14.4 0.0 -16
-12.8 0.0 -16
-11.2 0.0 -16
-9.6 0.0 -16
-8 0.0 -16
-6.4 0.0 -16
-4.8 0.0 -16
-3.2 0.0 -16
-1.6 0.0 -16
0.0 0.0 -16
1.6 0.0 -16
3.2 0.0 -16
4.8 0.0 -16
6.4 0.0 -16
8 0.0 -16
9.6 0.0 -16
11.2 0.0 -16
12.8 0.0 -16
14.4 0.0 -16
16 0.0 -16
17.6 0.0 -16
19.2 0.0 -16
20.8 0.0 -16
22.4 0.0 -16
24 0.0 -16
25.6 0.0 -16
-25.6 0.0 -17.6
-24 0.0 -17.6
-22.4 0.0 -17.6
-20.8 0.0 -17.6
-19.2 0.0 -17.6
-17.6 0.0 -17.6
-16 0.0 -17.6
-14.4 0.0 -17.6
-12.8 0.0 -17.6
-11.2 0.0 -17.6
-9.6 0.0 -17.6
-8 0.0 -17.6
-6.4 0.0 -17.6
-4.8 0.0 -17.6
-3.2 0.0 -17.6
-1.6 0.0 -17.6
0.0 0.0 -17.6
1.6 0.0 -17.6
3.2 0.0 -17.6
4.8 0.0 -17.6
6.4 0.0 -17.6
8 0.0 -17.6
9.6 0.0 -17.6
11.2 0.0 -17.6
12.8 0.0 -17.6
14.4 0.0 -17.6
16 0.0 -17.6
17.6 0.0 -17.6
19.2 0.0 -17.6
20.8 0.0 -17.6
22.4 0.0 -17.6
24 0.0 -17.6
25.6 0.0 -17.6
-25.6 0.0 -19.2
-24 0.0 -19.2
-22.4 0.0 -19.2
-20.8 0.0 -19.2
-19.2 0.0 -19.2
-17.6 0.0 -19.2
-16 0.0 -19.2
-14.4 0.0 -19.2
-12.8 0.0 -19.2
-11.2 0.0 -19.2
-9.6 0.0 -19.2
-8 0.0 -19.2
-6.4 0.0 -19.2
-4.8 0.0 -19.2
-3.2 0.0 -19.2
-1.6 0.0 -19.2
0.0 0.0 -19.2
1.6 0.0 -19.2
3.2 0.0 -19.2
4.8 0.0 -19.2
6.4 0.0 -19.2
8 0.0 -19.2
9.6 0.0 -19.2
11.2 0.0 -19.2
12.8 0.0 -19.2
14.4 0.0 -19.2
16 0.0 -19.2
17.6 0.0 -19.2
19.2 0.0 -19.2
20.8 0.0 -19.2
22.4 0.0 -19.2
24 0.0 -19.2
25.6 0.0 -19.2
-25.6 0.0 -20.8
-24 0.0 -20.8
-22.4 0.0 -20.8
-20.8 0.0 -20.8
-19.2 0.0 -20.8
-17.6 0.0 -20.8
-16 0.0 -20.8
-14.4 0.0 -20.8
-12.8 0.0 -20.8
-11.2 0.0 -20.8
-9.6 0.0 -20.8
-8 0.0 -20.8
-6.4 0.0 -20.8
-4.8 0.0 -20.8
-3.2 0.0 -20.8
-1.6 0.0 -20.8
0.0 0.0 -20.8
1.6 0.0 -20.8
3.2 0.0 -20.8
4.8 0.0 -20.8
6.4 0.0 -20.8
8 0.0 -20.8
9.6 0.0 -20.8
11.2 0.0 -20.8
12.8 0.0 -20.8
14.4 0.0 -20.8
16 0.0 -20.8
17.6 0.0 -20.8
19.2 0.0 -20.8
20.8 0.0 -20.8
22.4 0.0 -20.8
24 0.0 -20.8
25.6 0.0 -20.8
-25.6 0.0 -22.4
-24 0.0 -22.4
-22.4 0.0 -22.4
-20.8 0.0 -22.4
-19.2 0.0 -22.4
-17.6 0.0 -22.4
-16 0.0 -22.4
-14.4 0.0 -22.4
-12.8 0.0 -22.4
-11.2 0.0 -22.4
-9.6 0.0 -22.4
-8 0.0 -22.4
-6.4 0.0 -22.4
-4.8 0.0 -22.4
-3.2 0.0 -22.4
-1.6 0.0 -22.4
0.0 0.0 -22.4
1.6 0.0 -22.4
3.2 0.0 -22.4
4.8 0.0 -22.4
6.4 0.0 -22.4
8 0.0 -22.4
9.6 0.0 -22.4
11.2 0.0 -22.4
12.8 0.0 -22.4
14.4 0.0 -22.4
16 0.0 -22.4
17.6 0.0 -22.4
19.2 0.0 -22.4
20.8 0.0 -22.4
22.4 0.0 -22.4
24 0.0 -22.4
25.6 0.0 -22.4
-25.6 0.0 -24
-24 0.0 -24
-22.4 0.0 -24
-20.8 0.0 -24
-19.2 0.0 -24
-17.6 0.0 -24
-16 0.0 -24
-14.4 0.0 -24
-12.8 0.0 -24
-11.2 0.0 -24
-9.6 0.0 -24
-8 0.0 -24
-6.4 0.0 -24
-4.8 0.0 -24
-3.2 0.0 -24
-1.6 0.0 -24
0.0 0.0 -24
1.6 0.0 -24
3.2 0.0 -24
4.8 0.0 -24
6.4 0.0 -24
8 0.0 -24
9.6 0.0 -24
11.2 0.0 -24
12.8 0.0 -24
14.4 0.0 -24
16 0.0 -24
17.6 0.0 -24
19.2 0.0 -24
20.8 0.0 -24
22.4 0.0 -24
24 0.0 -24
25.6 0.0 -24
-25.6 0.0 -25.6
-24 0.0 -25.6
-22.4 0.0 -25.6
-20.8 0.0 -25.6
-19.2 0.0 -25.6
-17.6 0.0 -25.6
-16 0.0 -25.6
-14.4 0.0 -25.6
-12.8 0.0 -25.6
-11.2 0.0 -25.6
-9.6 0.0 -25.6
-8 0.0 -25.6
-6.4 0.0 -25.6
-4.8 0.0 -25.6
-3.2 0.0 -25.6
-1.6 0.0 -25.6
0.0 0.0 -25.6
1.6 0.0 -25.6
3.2 0.0 -25.6
4.8 0.0 -25.6
6.4 0.0 -25.6
8 0.0 -25.6
9.6 0.0 -25.6
11.2 0.0 -25.6
12.8 0.0 -25.6
14.4 0.0 -25.6
16 0.0 -25.6
17.6 0.0 -25.6
19.2 0.0 -25.6
20.8 0.0 -25.6
22.4 0.0 -25.6
24 0.0 -25.6
25.6 0.0 -25.6