-51.2 0.0 51.2
-48 0.0 51.2
-44.8 0.0 51.2
-41.6 0.0 51.2
-38.4 0.0 51.2
-35.2 0.0 51.2
-32 0.0 51.2
-28.8 0.0 51.2
-25.6 0.0 51.2
-22.4 0.0 51.2
-19.2 0.0 51.2
-16 0.0 51.2
-12.8 0.0 51.2
-9.6 0.0 51.2
-6.4 0.0 51.2
-3.2 0.0 51.2
0.0 0.0 51.2
3.2 0.0 51.2
6.4 0.0 51.2
9.6 0.0 51.2
12.8 0.0 51.2
16 0.0 51.2
19.2 0.0 51.2
22.4 0.0 51.2
25.6 0.0 51.2
28.8 0.0 51.2
32 0.0 51.2
35.2 0.0 51.2
38.4 0.0 51.2
41.6 0.0 51.2
44.8 0.0 51.2
48 0.0 51.2
51.2 0.0 51.2
-51.2 0.0 48
-48 0.0 48
-44.8 0.0 48
-41.6 0.0 48
-38.4 0.0 48
-35.2 0.0 48
-32 0.0 48
-28.8 0.0 48
-25.6 0.0 48
-22.4 0.0 48
-19.2 0.0 48
-16 0.0 48
-12.8 0.0 48
-9.6 0.0 48
-6.4 0.0 48
-3.2 0.0 48
0.0 0.0 48
3.2 0.0 48
6.4 0.0 48
9.6 0.0 48
12.8 0.0 48
16 0.0 48
19.2 0.0 48
22.4 0.0 48
25.6 0.0 48
28.8 0.0 48
32 0.0 48
35.2 0.0 48
38.4 0.0 48
41.6 0.0 48
44.8 0.0 48
48 0.0 48
51.2 0.0 48
-51.2 0.0 44.8
-48 0.0 44.8
-44.8 0.0 44.8
-41.6 0.0 44.8
-38.4 0.0 44.8
-35.2 0.0 44.8
-32 0.0 44.8
-28.8 0.0 44.8
-25.6 0.0 44.8
-22.4 0.0 44.8
-19.2 0.0 44.8
-16 0.0 44.8
-12.8 0.0 44.8
-9.6 0.0 44.8
-6.4 0.0 44.8
-3.2 0.0 44.8
0.0 0.0 44.8
3.2 0.0 44.8
6.4 0.0 44.8
9.6 0.0 44.8
12.8 0.0 44.8
16 0.0 44.8
19.2 0.0 44.8
22.4 0.0 44.8
25.6 0.0 44.8
28.8 0.0 44.8
32 0.0 44.8
35.2 0.0 44.8
38.4 0.0 44.8
41.6 0.0 44.8
44.8 0.0 44.8
48 0.0 44.8
51.2 0.0 44.8
-51.2 0.0 41.6
-48 0.0 41.6
-44.8 0.0 41.6
-41.6 0.0 41.6
-38.4 0.0 41.6
-35.2 0.0 41.6
-32 0.0 41.6
-28.8 0.0 41.6
-25.6 0.0 41.6
-22.4 0.0 41.6
-19.2 0.0 41.6
-16 0.0 41.6
-12.8 0.0 41.6
-9.6 0.0 41.6
-6.4 0.0 41.6
-3.2 0.0 41.6
0.0 0.0 41.6
3.2 0.0 41.6
6.4 0.0 41.6
9.6 0.0 41.6
12.8 0.0 41.6
16 0.0 41.6
19.2 0.0 41.6
22.4 0.0 41.6
25.6 0.0 41.6
28.8 0.0 41.6
32 0.0 41.6
35.2 0.0 41.6
38.4 0.0 41.6
41.6 0.0 41.6
44.8 0.0 41.6
48 0.0 41.6
51.2 0.0 41.6
-51.2 0.0 38.4
-48 0.0 38.4
-44.8 0.0 38.4
-41.6 0.0 38.4
-38.4 0.0 38.4
-35.2 0.0 38.4
-32 0.0 38.4
-28.8 0.0 38.4
-25.6 0.0 38.4
-22.4 0.0 38.4
-19.2 0.0 38.4
-16 0.0 38.4
-12.8 0.0 38.4
-9.6 0.0 38.4
-6.4 0.0 38.4
-3.2 0.0 38.4
0.0 0.0 38.4
3.2 0.0 38.4
6.4 0.0 38.4
9.6 0.0 38.4
12.8 0.0 38.4
16 0.0 38.4
19.2 0.0 38.4
22.4 0.0 38.4
25.6 0.0 38.4
28.8 0.0 38.4
32 0.0 38.4
35.2 0.0 38.4
38.4 0.0 38.4
41.6 0.0 38.4
44.8 0.0 38.4
48 0.0 38.4
51.2 0.0 38.4
-51.2 0.0 35.2
-48 0.0 35.2
-44.8 0.0 35.2
-41.6 0.0 35.2
-38.4 0.0 35.2
-35.2 0.0 35.2
-32 0.0 35.2
-28.8 0.0 35.2
-25.6 0.0 35.2
-22.4 0.0 35.2
-19.2 0.0 35.2
-16 0.0 35.2
-12.8 0.0 35.2
-9.6 0.0 35.2
-6.4 0.0 35.2
-3.2 0.0 35.2
0.0 0.0 35.2
3.2 0.0 35.2
6.4 0.0 35.2
9.6 0.0 35.2
12.8 0.0 35.2
16 0.0 35.2
19.2 0.0 35.2
22.4 0.0 35.2
25.6 0.0 35.2
28.8 0.0 35.2
32 0.0 35.2
35.2 0.0 35.2
38.4 0.0 35.2
41.6 0.0 35.2
44.8 0.0 35.2
48 0.0 35.2
51.2 0.0 35.2
-51.2 0.0 32
-48 0.0 32
-44.8 0.0 32
-41.6 0.0 32
-38.4 0.0 32
-35.2 0.0 32
-32 0.0 32
-28.8 0.0 32
-25.6 0.0 32
-22.4 0.0 32
-19.2 0.0 32
-16 0.0 32
-12.8 0.0 32
-9.6 0.0 32
-6.4 0.0 32
-3.2 0.0 32
0.0 0.0 32
3.2 0.0 32
6.4 0.0 32
9.6 0.0 32
12.8 0.0 32
16 0.0 32
19.2 0.0 32
22.4 0.0 32
25.6 0.0 32
28.8 0.0 32
32 0.0 32
35.2 0.0 32
38.4 0.0 32
41.6 0.0 32
44.8 0.0 32
48 0.0 32
51.2 0.0 32
-51.2 0.0 28.8
-48 0.0 28.8
-44.8 0.0 28.8
-41.6 0.0 28.8
-38.4 0.0 28.8
-35.2 0.0 28.8
-32 0.0 28.8
-28.8 0.0 28.8
-25.6 0.0 28.8
-22.4 0.0 28.8
-19.2 0.0 28.8
-16 0.0 28.8
-12.8 0.0 28.8
-9.6 0.0 28.8
-6.4 0.0 28.8
-3.2 0.0 28.8
0.0 0.0 28.8
3.2 0.0 28.8
6.4 0.0 28.8
9.6 0.0 28.8
12.8 0.0 28.8
16 0.0 28.8
19.2 0.0 28.8
22.4 0.0 28.8
25.6 0.0 28.8
28.8 0.0 28.8
32 0.0 28.8
35.2 0.0 28.8
38.4 0.0 28.8
41.6 0.0 28.8
44.8 0.0 28.8
48 0.0 28.8
51.2 0.0 28.8
-51.2 0.0 25.6
-48 0.0 25.6
-44.8 0.0 25.6
-41.6 0.0 25.6
-38.4 0.0 25.6
-35.2 0.0 25.6
-32 0.0 25.6
-28.8 0.0 25.6
-25.6 0.0 25.6
-22.4 0.0 25.6
-19.2 0.0 25.6
-16 0.0 25.6
-12.8 0.0 25.6
-9.6 0.0 25.6
-6.4 0.0 25.6
-3.2 0.0 25.6
0.0 0.0 25.6
3.2 0.0 25.6
6.4 0.0 25.6
9.6 0.0 25.6
12.8 0.0 25.6
16 0.0 25.6
19.2 0.0 25.6
22.4 0.0 25.6
25.6 0.0 25.6
28.8 0.0 25.6
32 0.0 25.6
35.2 0.0 25.6
38.4 0.0 25.6
41.6 0.0 25.6
44.8 0.0 25.6
48 0.0 25.6
51.2 0.0 25.6
-51.2 0.0 22.4
-48 0.0 22.4
-44.8 0.0 22.4
-41.6 0.0 22.4
-38.4 0.0 22.4
-35.2 0.0 22.4
-32 0.0 22.4
-28.8 0.0 22.4
-25.6 0.0 22.4
-22.4 0.0 22.4
-19.2 0.0 22.4
-16 0.0 22.4
-12.8 0.0 22.4
-9.6 0.0 22.4
-6.4 0.0 22.4
-3.2 0.0 22.4
0.0 0.0 22.4
3.2 0.0 22.4
6.4 0.0 22.4
9.6 0.0 22.4
12.8 0.0 22.4
16 0.0 22.4
19.2 0.0 22.4
22.4 0.0 22.4
25.6 0.0 22.4
28.8 0.0 22.4
32 0.0 22.4
35.2 0.0 22.4
38.4 0.0 22.4
41.6 0.0 22.4
44.8 0.0 22.4
48 0.0 22.4
51.2 0.0 22.4
-51.2 0.0 19.2
-48 0.0 19.2
-44.8 0.0 19.2
-41.6 0.0 19.2
-38.4 0.0 19.2
-35.2 0.0 19.2
-32 0.0 19.2
-28.8 0.0 19.2
-25.6 0.0 19.2
-22.4 0.0 19.2
-19.2 0.0 19.2
-16 0.0 19.2
-12.8 0.0 19.2
-9.6 0.0 19.2
-6.4 0.0 19.2
-3.2 0.0 19.2
0.0 0.0 19.2
3.2 0.0 19.2
6.4 0.0 19.2
9.6 0.0 19.2
12.8 0.0 19.2
16 0.0 19.2
19.2 0.0 19.2
22.4 0.0 19.2
25.6 0.0 19.2
28.8 0.0 19.2
32 0.0 19.2
35.2 0.0 19.2
38.4 0.0 19.2
41.6 0.0 19.2
44.8 0.0 19.2
48 0.0 19.2
51.2 0.0 19.2
-51.2 0.0 16
-48 0.0 16
-44.8 0.0 16
-41.6 0.0 16
-38.4 0.0 16
-35.2 0.0 16
-32 0.0 16
-28.8 0.0 16
-25.6 0.0 16
-22.4 0.0 16
-19.2 0.0 16
-16 0.0 16
-12.8 0.0 16
-9.6 0.0 16
-6.4 0.0 16
-3.2 0.0 16
0.0 0.0 16
3.2 0.0 16
6.4 0.0 16
9.6 0.0 16
12.8 0.0 16
16 0.0 16
19.2 0.0 16
22.4 0.0 16
25.6 0.0 16
28.8 0.0 16
32 0.0 16
35.2 0.0 16
38.4 0.0 16
41.6 0.0 16
44.8 0.0 16
48 0.0 16
51.2 0.0 16
-51.2 0.0 12.8
-48 0.0 12.8
-44.8 0.0 12.8
-41.6 0.0 12.8
-38.4 0.0 12.8
-35.2 0.0 12.8
-32 0.0 12.8
-28.8 0.0 12.8
-25.6 0.0 12.8
-22.4 0.0 12.8
-19.2 0.0 12.8
-16 0.0 12.8
-12.8 0.0 12.8
-9.6 0.0 12.8
-6.4 0.0 12.8
-3.2 0.0 12.8
0.0 0.0 12.8
3.2 0.0 12.8
6.4 0.0 12.8
9.6 0.0 12.8
12.8 0.0 12.8
16 0.0 12.8
19.2 0.0 12.8
22.4 0.0 12.8
25.6 0.0 12.8
28.8 0.0 12.8
32 0.0 12.8
35.2 0.0 12.8
38.4 0.0 12.8
41.6 0.0 12.8
44.8 0.0 12.8
48 0.0 12.8
51.2 0.0 12.8
-51.2 0.0 9.6
-48 0.0 9.6
-44.8 0.0 9.6
-41.6 0.0 9.6
-38.4 0.0 9.6
-35.2 0.0 9.6
-32 0.0 9.6
-28.8 0.0 9.6
-25.6 0.0 9.6
-22.4 0.0 9.6
-19.2 0.0 9.6
-16 0.0 9.6
-12.8 0.0 9.6
-9.6 0.0 9.6
-6.4 0.0 9.6
-3.2 0.0 9.6
0.0 0.0 9.6
3.2 0.0 9.6
6.4 0.0 9.6
9.6 0.0 9.6
12.8 0.0 9.6
16 0.0 9.6
19.2 0.0 9.6
22.4 0.0 9.6
25.6 0.0 9.6
28.8 0.0 9.6
32 0.0 9.6
35.2 0.0 9.6
38.4 0.0 9.6
41.6 0.0 9.6
44.8 0.0 9.6
48 0.0 9.6
51.2 0.0 9.6
-51.2 0.0 6.4
-48 0.0 6.4
-44.8 0.0 6.4
-41.6 0.0 6.4
-38.4 0.0 6.4
-35.2 0.0 6.4
-32 0.0 6.4
-28.8 0.0 6.4
-25.6 0.0 6.4
-22.4 0.0 6.4
-19.2 0.0 6.4
-16 0.0 6.4
-12.8 0.0 6.4
-9.6 0.0 6.4
-6.4 0.0 6.4
-3.2 0.0 6.4
0.0 0.0 6.4
3.2 0.0 6.4
6.4 0.0 6.4
9.6 0.0 6.4
12.8 0.0 6.4
16 0.0 6.4
19.2 0.0 6.4
22.4 0.0 6.4
25.6 0.0 6.4
28.8 0.0 6.4
32 0.0 6.4
35.2 0.0 6.4
38.4 0.0 6.4
41.6 0.0 6.4
44.8 0.0 6.4
48 0.0 6.4
51.2 0.0 6.4
-51.2 0.0 3.2
-48 0.0 3.2
-44.8 0.0 3.2
-41.6 0.0 3.2
-38.4 0.0 3.2
-35.2 0.0 3.2
-32 0.0 3.2
-28.8 0.0 3.2
-25.6 0.0 3.2
-22.4 0.0 3.2
-19.2 0.0 3.2
-16 0.0 3.2
-12.8 0.0 3.2
-9.6 0.0 3.2
-6.4 0.0 3.2
-3.2 0.0 3.2
0.0 0.0 3.2
3.2 0.0 3.2
6.4 0.0 3.2
9.6 0.0 3.2
12.8 0.0 3.2
16 0.0 3.2
19.2 0.0 3.2
22.4 0.0 3.2
25.6 0.0 3.2
28.8 0.0 3.2
32 0.0 3.2
35.2 0.0 3.2
38.4 0.0 3.2
41.6 0.0 3.2
44.8 0.0 3.2
48 0.0 3.2
51.2 0.0 3.2
-51.2 0.0 -0.0
-48 0.0 -0.0
-44.8 0.0 -0.0
-41.6 0.0 -0.0
-38.4 0.0 -0.0
-35.2 0.0 -0.0
-32 0.0 -0.0
-28.8 0.0 -0.0
-25.6 0.0 -0.0
-22.4 0.0 -0.0
-19.2 0.0 -0.0
-16 0.0 -0.0
-12.8 0.0 -0.0
-9.6 0.0 -0.0
-6.4 0.0 -0.0
-3.2 0.0 -0.0
0.0 0.0 -0.0
3.2 0.0 -0.0
6.4 0.0 -0.0
9.6 0.0 -0.0
12.8 0.0 -0.0
16 0.0 -0.0
19.2 0.0 -0.0
22.4 0.0 -0.0
25.6 0.0 -0.0
28.8 0.0 -0.0
32 0.0 -0.0
35.2 0.0 -0.0
38.4 0.0 -0.0
41.6 0.0 -0.0
44.8 0.0 -0.0
48 0.0 -0.0
51.2 0.0 -0.0
-51.2 0.0 -3.2
-48 0.0 -3.2
-44.8 0.0 -3.2
-41.6 0.0 -3.2
-38.4 0.0 -3.2
-35.2 0.0 -3.2
-32 0.0 -3.2
-28.8 0.0 -3.2
-25.6 0.0 -3.2
-22.4 0.0 -3.2
-19.2 0.0 -3.2
-16 0.0 -3.2
-12.8 0.0 -3.2
-9.6 0.0 -3.2
-6.4 0.0 -3.2
-3.2 0.0 -3.2
0.0 0.0 -3.2
3.2 0.0 -3.2
6.4 0.0 -3.2
9.6 0.0 -3.2
12.8 0.0 -3.2
16 0.0 -3.2
19.2 0.0 -3.2
22.4 0.0 -3.2
25.6 0.0 -3.2
28.8 0.0 -3.2
32 0.0 -3.2
35.2 0.0 -3.2
38.4 0.0 -3.2
41.6 0.0 -3.2
44.8 0.0 -3.2
48 0.0 -3.2
51.2 0.0 -3.2
-51.2 0.0 -6.4
-48 0.0 -6.4
-44.8 0.0 -6.4
-41.6 0.0 -6.4
-38.4 0.0 -6.4
-35.2 0.0 -6.4
-32 0.0 -6.4
-28.8 0.0 -6.4
-25.6 0.0 -6.4
-22.4 0.0 -6.4
-19.2 0.0 -6.4
-16 0.0 -6.4
-12.8 0.0 -6.4
-9.6 0.0 -6.4
-6.4 0.0 -6.4
-3.2 0.0 -6.4
0.0 0.0 -6.4
3.2 0.0 -6.4
6.4 0.0 -6.4
9.6 0.0 -6.4
12.8 0.0 -6.4
16 0.0 -6.4
19.2 0.0 -6.4
22.4 0.0 -6.4
25.6 0.0 -6.4
28.8 0.0 -6.4
32 0.0 -6.4
35.2 0.0 -6.4
38.4 0.0 -6.4
41.6 0.0 -6.4
44.8 0.0 -6.4
48 0.0 -6.4
51.2 0.0 -6.4
-51.2 0.0 -9.6
-48 0.0 -9.6
-44.8 0.0 -9.6
-41.6 0.0 -9.6
-38.4 0.0 -9.6
-35.2 0.0 -9.6
-32 0.0 -9.6
-28.8 0.0 -9.6
-25.6 0.0 -9.6
-22.4 0.0 -9.6
-19.2 0.0 -9.6
-16 0.0 -9.6
-12.8 0.0 -9.6
-9.6 0.0 -9.6
-6.4 0.0 -9.6
-3.2 0.0 -9.6
0.0 0.0 -9.6
3.2 0.0 -9.6
6.4 0.0 -9.6
9.6 0.0 -9.6
12.8 0.0 -9.6
16 0.0 -9.6
19.2 0.0 -9.6
22.4 0.0 -9.6
25.6 0.0 -9.6
28.8 0.0 -9.6
32 0.0 -9.6
35.2 0.0 -9.6
38.4 0.0 -9.6
41.6 0.0 -9.6
44.8 0.0 -9.6
48 0.0 -9.6
51.2 0.0 -9.6
-51.2 0.0 -12.8
-48 0.0 -12.8
-44.8 0.0 -12.8
-41.6 0.0 -12.8
-38.4 0.0 -12.8
-35.2 0.0 -12.8
-32 0.0 -12.8
-28.8 0.0 -12.8
-25.6 0.0 -12.8
-22.4 0.0 -12.8
-19.2 0.0 -12.8
-16 0.0 -12.8
-12.8 0.0 -12.8
-9.6 0.0 -12.8
-6.4 0.0 -12.8
-3.2 0.0 -12.8
0.0 0.0 -12.8
3.2 0.0 -12.8
6.4 0.0 -12.8
9.6 0.0 -12.8
12.8 0.0 -12.8
16 0.0 -12.8
19.2 0.0 -12.8
22.4 0.0 -12.8
25.6 0.0 -12.8
28.8 0.0 -12.8
32 0.0 -12.8
35.2 0.0 -12.8
38.4 0.0 -12.8
41.6 0.0 -12.8
44.8 0.0 -12.8
48 0.0 -12.8
51.2 0.0 -12.8
-51.2 0.0 -16
-48 0.0 -16
-44.8 0.0 -16
-41.6 0.0 -16
-38.4 0.0 -16
-35.2 0.0 -16
-32 0.0 -16
-28.8 0.0 -16
-25.6 0.0 -16
-22.4 0.0 -16
-19.2 0.0 -16
-16 0.0 -16
-12.8 0.0 -16
-9.6 0.0 -16
-6.4 0.0 -16
-3.2 0.0 -16
0.0 0.0 -16
3.2 0.0 -16
6.4 0.0 -16
9.6 0.0 -16
12.8 0.0 -16
16 0.0 -16
19.2 0.0 -16
22.4 0.0 -16
25.6 0.0 -16
28.8 0.0 -16
32 0.0 -16
35.2 0.0 -16
38.4 0.0 -16
41.6 0.0 -16
44.8 0.0 -16
48 0.0 -16
51.2 0.0 -16
-51.2 0.0 -19.2
-48 0.0 -19.2
-44.8 0.0 -19.2
-41.6 0.0 -19.2
-38.4 0.0 -19.2
-35.2 0.0 -19.2
-32 0.0 -19.2
-28.8 0.0 -19.2
-25.6 0.0 -19.2
-22.4 0.0 -19.2
-19.2 0.0 -19.2
-16 0.0 -19.2
-12.8 0.0 -19.2
-9.6 0.0 -19.2
-6.4 0.0 -19.2
-3.2 0.0 -19.2
0.0 0.0 -19.2
3.2 0.0 -19.2
6.4 0.0 -19.2
9.6 0.0 -19.2
12.8 0.0 -19.2
16 0.0 -19.2
19.2 0.0 -19.2
22.4 0.0 -19.2
25.6 0.0 -19.2
28.8 0.0 -19.2
32 0.0 -19.2
35.2 0.0 -19.2
38.4 0.0 -19.2
41.6 0.0 -19.2
44.8 0.0 -19.2
48 0.0 -19.2
51.2 0.0 -19.2
-51.2 0.0 -22.4
-48 0.0 -22.4
-44.8 0.0 -22.4
-41.6 0.0 -22.4
-38.4 0.0 -22.4
-35.2 0.0 -22.4
-32 0.0 -22.4
-28.8 0.0 -22.4
-25.6 0.0 -22.4
-22.4 0.0 -22.4
-19.2 0.0 -22.4
-16 0.0 -22.4
-12.8 0.0 -22.4
-9.6 0.0 -22.4
-6.4 0.0 -22.4
-3.2 0.0 -22.4
0.0 0.0 -22.4
3.2 0.0 -22.4
6.4 0.0 -22.4
9.6 0.0 -22.4
12.8 0.0 -22.4
16 0.0 -22.4
19.2 0.0 -22.4
22.4 0.0 -22.4
25.6 0.0 -22.4
28.8 0.0 -22.4
32 0.0 -22.4
35.2 0.0 -22.4
38.4 0.0 -22.4
41.6 0.0 -22.4
44.8 0.0 -22.4
48 0.0 -22.4
51.2 0.0 -22.4
-51.2 0.0 -25.6
-48 0.0 -25.6
-44.8 0.0 -25.6
-41.6 0.0 -25.6
-38.4 0.0 -25.6
-35.2 0.0 -25.6
-32 0.0 -25.6
-28.8 0.0 -25.6
-25.6 0.0 -25.6
-22.4 0.0 -25.6
-19.2 0.0 -25.6
-16 0.0 -25.6
-12.8 0.0 -25.6
-9.6 0.0 -25.6
-6.4 0.0 -25.6
-3.2 0.0 -25.6
0.0 0.0 -25.6
3.2 0.0 -25.6
6.4 0.0 -25.6
9.6 0.0 -25.6
12.8 0.0 -25.6
16 0.0 -25.6
19.2 0.0 -25.6
22.4 0.0 -25.6
25.6 0.0 -25.6
28.8 0.0 -25.6
32 0.0 -25.6
35.2 0.0 -25.6
38.4 0.0 -25.6
41.6 0.0 -25.6
44.8 0.0 -25.6
48 0.0 -25.6
51.2 0.0 -25.6
-51.2 0.0 -28.8
-48 0.0 -28.8
-44.8 0.0 -28.8
-41.6 0.0 -28.8
-38.4 0.0 -28.8
-35.2 0.0 -28.8
-32 0.0 -28.8
-28.8 0.0 -28.8
-25.6 0.0 -28.8
-22.4 0.0 -28.8
-19.2 0.0 -28.8
-16 0.0 -28.8
-12.8 0.0 -28.8
-9.6 0.0 -28.8
-6.4 0.0 -28.8
-3.2 0.0 -28.8
0.0 0.0 -28.8
3.2 0.0 -28.8
6.4 0.0 -28.8
9.6 0.0 -28.8
12.8 0.0 -28.8
16 0.0 -28.8
19.2 0.0 -28.8
22.4 0.0 -28.8
25.6 0.0 -28.8
28.8 0.0 -28.8
32 0.0 -28.8
35.2 0.0 -28.8
38.4 0.0 -28.8
41.6 0.0 -28.8
44.8 0.0 -28.8
48 0.0 -28.8
51.2 0.0 -28.8
-51.2 0.0 -32
-48 0.0 -32
-44.8 0.0 -32
-41.6 0.0 -32
-38.4 0.0 -32
-35.2 0.0 -32
-32 0.0 -32
-28.8 0.0 -32
-25.6 0.0 -32
-22.4 0.0 -32
-19.2 0.0 -32
-16 0.0 -32
-12.8 0.0 -32
-9.6 0.0 -32
-6.4 0.0 -32
-3.2 0.0 -32
0.0 0.0 -32
3.2 0.0 -32
6.4 0.0 -32
9.6 0.0 -32
12.8 0.0 -32
16 0.0 -32
19.2 0.0 -32
22.4 0.0 -32
25.6 0.0 -32
28.8 0.0 -32
32 0.0 -32
35.2 0.0 -32
38.4 0.0 -32
41.6 0.0 -32
44.8 0.0 -32
48 0.0 -32
51.2 0.0 -32
-51.2 0.0 -35.2
-48 0.0 -35.2
-44.8 0.0 -35.2
-41.6 0.0 -35.2
-38.4 0.0 -35.2
-35.2 0.0 -35.2
-32 0.0 -35.2
-28.8 0.0 -35.2
-25.6 0.0 -35.2
-22.4 0.0 -35.2
-19.2 0.0 -35.2
-16 0.0 -35.2
-12.8 0.0 -35.2
-9.6 0.0 -35.2
-6.4 0.0 -35.2
-3.2 0.0 -35.2
0.0 0.0 -35.2
3.2 0.0 -35.2
6.4 0.0 -35.2
9.6 0.0 -35.2
12.8 0.0 -35.2
16 0.0 -35.2
19.2 0.0 -35.2
22.4 0.0 -35.2
25.6 0.0 -35.2
28.8 0.0 -35.2
32 0.0 -35.2
35.2 0.0 -35.2
38.4 0.0 -35.2
41.6 0.0 -35.2
44.8 0.0 -35.2
48 0.0 -35.2
51.2 0.0 -35.2
-51.2 0.0 -38.4
-48 0.0 -38.4
-44.8 0.0 -38.4
-41.6 0.0 -38.4
-38.4 0.0 -38.4
-35.2 0.0 -38.4
-32 0.0 -38.4
-28.8 0.0 -38.4
-25.6 0.0 -38.4
-22.4 0.0 -38.4
-19.2 0.0 -38.4
-16 0.0 -38.4
-12.8 0.0 -38.4
-9.6 0.0 -38.4
-6.4 0.0 -38.4
-3.2 0.0 -38.4
0.0 0.0 -38.4
3.2 0.0 -38.4
6.4 0.0 -38.4
9.6 0.0 -38.4
12.8 0.0 -38.4
16 0.0 -38.4
19.2 0.0 -38.4
22.4 0.0 -38.4
25.6 0.0 -38.4
28.8 0.0 -38.4
32 0.0 -38.4
35.2 0.0 -38.4
38.4 0.0 -38.4
41.6 0.0 -38.4
44.8 0.0 -38.4
48 0.0 -38.4
51.2 0.0 -38.4
-51.2 0.0 -41.6
-48 0.0 -41.6
-44.8 0.0 -41.6
-41.6 0.0 -41.6
-38.4 0.0 -41.6
-35.2 0.0 -41.6
-32 0.0 -41.6
-28.8 0.0 -41.6
-25.6 0.0 -41.6
-22.4 0.0 -41.6
-19.2 0.0 -41.6
-16 0.0 -41.6
-12.8 0.0 -41.6
-9.6 0.0 -41.6
-6.4 0.0 -41.6
-3.2 0.0 -41.6
0.0 0.0 -41.6
3.2 0.0 -41.6
6.4 0.0 -41.6
9.6 0.0 -41.6
12.8 0.0 -41.6
16 0.0 -41.6
19.2 0.0 -41.6
22.4 0.0 -41.6
25.6 0.0 -41.6
28.8 0.0 -41.6
32 0.0 -41.6
35.2 0.0 -41.6
38.4 0.0 -41.6
41.6 0.0 -41.6
44.8 0.0 -41.6
48 0.0 -41.6
51.2 0.0 -41.6
-51.2 0.0 -44.8
-48 0.0 -44.8
-44.8 0.0 -44.8
-41.6 0.0 -44.8
-38.4 0.0 -44.8
-35.2 0.0 -44.8
-32 0.0 -44.8
-28.8 0.0 -44.8
-25.6 0.0 -44.8
-22.4 0.0 -44.8
-19.2 0.0 -44.8
-16 0.0 -44.8
-12.8 0.0 -44.8
-9.6 0.0 -44.8
-6.4 0.0 -44.8
-3.2 0.0 -44.8
0.0 0.0 -44.8
3.2 0.0 -44.8
6.4 0.0 -44.8
9.6 0.0 -44.8
12.8 0.0 -44.8
16 0.0 -44.8
19.2 0.0 -44.8
22.4 0.0 -44.8
25.6 0.0 -44.8
28.8 0.0 -44.8
32 0.0 -44.8
35.2 0.0 -44.8
38.4 0.0 -44.8
41.6 0.0 -44.8
44.8 0.0 -44.8
48 0.0 -44.8
51.2 0.0 -44.8
-51.2 0.0 -48
-48 0.0 -48
-44.8 0.0 -48
-41.6 0.0 -48
-38.4 0.0 -48
-35.2 0.0 -48
-32 0.0 -48
-28.8 0.0 -48
-25.6 0.0 -48
-22.4 0.0 -48
-19.2 0.0 -48
-16 0.0 -48
-12.8 0.0 -48
-9.6 0.0 -48
-6.4 0.0 -48
-3.2 0.0 -48
0.0 0.0 -48
3.2 0.0 -48
6.4 0.0 -48
9.6 0.0 -48
12.8 0.0 -48
16 0.0 -48
19.2 0.0 -48
22.4 0.0 -48
25.6 0.0 -48
28.8 0.0 -48
32 0.0 -48
35.2 0.0 -48
38.4 0.0 -48
41.6 0.0 -48
44.8 0.0 -48
48 0.0 -48
51.2 0.0 -48
-51.2 0.0 -51.2
-48 0.0 -51.2
-44.8 0.0 -51.2
-41.6 0.0 -51.2
-38.4 0.0 -51.2
-35.2 0.0 -51.2
-32 0.0 -51.2
-28.8 0.0 -51.2
-25.6 0.0 -51.2
-22.4 0.0 -51.2
-19.2 0.0 -51.2
-16 0.0 -51.2
-12.8 0.0 -51.2
-9.6 0.0 -51.2
-6.4 0.0 -51.2
-3.2 0.0 -51.2
0.0 0.0 -51.2
3.2 0.0 -51.2
6.4 0.0 -51.2
9.6 0.0 -51.2
12.8 0.0 -51.2
16 0.0 -51.2
19.2 0.0 -51.2
22.4 0.0 -51.2
25.6 0.0 -51.2
28.8 0.0 -51.2
32 0.0 -51.2
35.2 0.0 -51.2
38.4 0.0 -51.2
41.6 0.0 -51.2
44.8 0.0 -51.2
48 0.0 -51.2
51.2 0.0 -51.2
